# 
#     height         th_l          q_t            u            v          TKE
         7.5       298.25        0.015     -14.9835            0     0.998125
        22.5       298.25        0.015     -14.9505            0     0.994375
       37.65       298.25        0.015     -14.9172            0     0.990588
     52.9515       298.25        0.015     -14.8835            0     0.986762
      68.406       298.25        0.015     -14.8495            0     0.982898
     84.0151       298.25        0.015     -14.8152            0     0.978996
     99.7802       298.25        0.015     -14.7805            0     0.975055
     115.703       298.25        0.015     -14.7455            0     0.971074
     131.785       298.25        0.015     -14.7101            0     0.967054
     148.028       298.25        0.015     -14.6743            0     0.962993
     164.433       298.25        0.015     -14.6382            0     0.958892
     181.003       298.25        0.015     -14.6018            0     0.954749
     197.738       298.25        0.015      -14.565            0     0.950566
      214.64       298.25        0.015     -14.5278            0      0.94634
     231.711       298.25        0.015     -14.4902            0     0.942072
     248.953       298.25        0.015     -14.4523            0     0.937762
     266.368       298.25        0.015      -14.414            0     0.933408
     283.957       298.25        0.015     -14.3753            0     0.929011
     301.721       298.25        0.015     -14.3362            0      0.92457
     319.663       298.25        0.015     -14.2967            0     0.920084
     337.785       298.25        0.015     -14.2569            0     0.915554
     356.088       298.25        0.015     -14.2166            0     0.910978
     374.574       298.25        0.015     -14.1759            0     0.906357
     393.245       298.25        0.015     -14.1349            0     0.901689
     412.102       298.25        0.015     -14.0934            0     0.896975
     431.148       298.25        0.015     -14.0515            0     0.892213
     450.384       298.25        0.015     -14.0092            0     0.887404
     469.813       298.25        0.015     -13.9664            0     0.882547
     489.436       298.25        0.015     -13.9232            0     0.877641
     509.256      298.301    0.0148847     -13.8796            0     0.872686
     529.273      298.411    0.0146385     -13.8356            0     0.867682
     549.491      298.522    0.0143939     -13.7911            0     0.862627
     569.911      298.635    0.0141511     -13.7462            0     0.857522
     590.535      298.748    0.0139099     -13.7008            0     0.852366
     611.365      298.863    0.0136706      -13.655            0     0.847159
     632.404      298.978     0.013433     -13.6087            0     0.841899
     653.653      299.095    0.0131972      -13.562            0     0.836587
     675.115      299.213    0.0129633     -13.5147            0     0.831221
     696.791      299.332    0.0127312     -13.4671            0     0.825802
     718.684      299.453    0.0125011     -13.4189            0     0.820329
     740.796      299.574    0.0122728     -13.3702            0     0.814801
     763.129      299.697    0.0120465     -13.3211            0     0.809218
     785.685      299.821    0.0118222     -13.2715            0     0.803579
     808.467      299.947    0.0115999     -13.2214            0     0.797883
     831.476      300.073    0.0113796     -13.1708            0     0.792131
     854.716      300.201    0.0111613     -13.1196            0     0.786321
     878.188       300.33    0.0109451      -13.068            0     0.780453
     901.895       300.46     0.010731     -13.0158            0     0.774526
     925.839      300.592     0.010519     -12.9632            0      0.76854
     950.023      300.725    0.0103091       -12.91            0     0.762494
     974.448      300.859    0.0101014     -12.8562            0     0.756388
     999.117      300.995   0.00989589     -12.8019            0     0.750221
     1024.03      301.132   0.00969253     -12.7471            0     0.743992
      1049.2      301.271   0.00949139     -12.6918            0       0.7377
     1074.62       301.41   0.00929246     -12.6358            0     0.731346
     1100.29      301.552   0.00909579     -12.5794            0     0.724928
     1126.21      301.694   0.00890136     -12.5223            0     0.718446
      1152.4      301.838   0.00870922     -12.4647            0       0.7119
     1178.85      301.984   0.00851936     -12.4065            0     0.705287
     1205.56      302.131    0.0083318     -12.3478            0     0.698609
     1232.55      302.279   0.00814656     -12.2884            0     0.691864
      1259.8      302.429   0.00796365     -12.2284            0     0.685051
     1287.32       302.58   0.00778307     -12.1679            0      0.67817
     1315.12      302.733   0.00760485     -12.1067            0     0.671221
     1343.19      302.888   0.00742899      -12.045            0     0.664202
     1371.55      303.044   0.00725549     -11.9826            0     0.657113
     1400.19      303.201   0.00708438     -11.9196            0     0.649952
     1429.12       303.36   0.00691564     -11.8559            0     0.642721
     1458.33      303.521    0.0067493     -11.7917            0     0.635417
     1487.84      303.683   0.00658536     -11.7267            0      0.62804
     1517.65      303.847   0.00642382     -11.6612            0     0.620589
     1547.75      304.013   0.00626468      -11.595            0     0.613063
     1578.15       304.18   0.00610796     -11.5281            0     0.605463
     1608.86      304.349   0.00595365     -11.4605            0     0.597786
     1639.87      304.519   0.00580175     -11.3923            0     0.590033
     1671.19      304.692   0.00565226     -11.3234            0     0.582202
     1702.83      304.866   0.00550519     -11.2538            0     0.574293
     1734.78      305.041   0.00536054     -11.1835            0     0.566304
     1767.06      305.219   0.00521829     -11.1125            0     0.558236
     1799.65      305.398   0.00507846     -11.0408            0     0.550087
     1832.57      305.579   0.00494103     -10.9683            0     0.541857
     1865.82      305.762   0.00480599     -10.8952            0     0.533544
     1899.41      305.947   0.00467336     -10.8213            0     0.525148
     1933.33      306.133   0.00454311     -10.7467            0     0.516669
     1967.58      306.322   0.00441525     -10.6713            0     0.508104
     2002.18      306.512   0.00428975     -10.5952            0     0.499454
     2037.13      306.704   0.00416663     -10.5183            0     0.490717
     2072.43      306.898   0.00404586     -10.4407            0     0.481893
     2108.08      307.094   0.00392743     -10.3622            0     0.472981
     2144.08      307.292   0.00381134      -10.283            0     0.463979
     2180.45      307.492   0.00369757      -10.203            0     0.454888
     2217.18      307.694   0.00358611     -10.1222            0     0.445705
     2254.28      307.899   0.00347695     -10.0406            0     0.436431
     2291.74      308.105   0.00337006     -9.95817            0     0.427064
     2329.59      308.313   0.00326544     -9.87491            0     0.417604
     2367.81      308.523   0.00316308     -9.79083            0     0.408048
     2406.41      308.735   0.00306294      -9.7059            0     0.398398
      2445.4       308.95   0.00296502     -9.62012            0      0.38865
     2484.78      309.166    0.0028693     -9.53349            0     0.378806
     2524.55      309.385   0.00277576     -9.44599            0     0.368862
     2564.72      309.606   0.00268438     -9.35761            0      0.35882
     2605.29      309.829   0.00259514     -9.26836            0     0.348677
     2646.27      310.054   0.00250801      -9.1782            0     0.338432
     2687.66      310.282   0.00242299     -9.08715            0     0.328085
     2729.46      310.512   0.00234004     -8.99519            0     0.317635
     2771.68      310.744   0.00225914      -8.9023            0      0.30708
     2814.32      310.979   0.00218027     -8.80849            0      0.29642
     2857.39      311.216   0.00210341     -8.71374            0     0.285653
     2900.89      311.455   0.00202853     -8.61804            0     0.274778
     2944.82      311.697    0.0019556     -8.52139            0     0.263794
      2989.2      311.941   0.00188461     -8.42377            0     0.252701
     3034.01      312.187   0.00181552     -8.32517            0     0.241497
     3079.28      312.436   0.00174831     -8.22559            0     0.230181
        3125      312.687   0.00168296     -8.12501            0     0.218751
     3171.17      312.941   0.00161943     -8.02342            0     0.207207
     3217.81      313.198    0.0015577     -7.92082            0     0.195548
     3264.91      313.457   0.00149774      -7.8172            0     0.183772
     3312.48      313.719   0.00143952     -7.71253            0     0.171879
     3360.53      313.983   0.00138302     -7.60682            0     0.159866
     3409.06       314.25   0.00132821     -7.50006            0     0.147734
     3458.08      314.519   0.00127505     -7.39222            0      0.13548
     3507.59      314.792   0.00122352     -7.28331            0     0.123103
     3557.59      315.067   0.00117358     -7.17331            0     0.110603
     3608.09      315.344   0.00112522     -7.06221            0     0.097978
     3659.09      315.625   0.00107839     -6.94999            0    0.0852266
     3710.61      315.908   0.00103308     -6.83666            0    0.0723476
     3762.64      316.195  0.000989241     -6.72219            0    0.0593398
     3815.19      316.484  0.000946854     -6.60658            0     0.046202
     3868.27      316.775  0.000905887     -6.48981            0    0.0329327
     3921.88       317.07  0.000866309     -6.37187            0    0.0195308
     3976.02      317.368   0.00082809     -6.25275            0   0.00599487
     4030.71      317.669    0.0007912     -6.13245            0        1e-08
     4085.94      317.973  0.000755609     -6.01094            0        1e-08
     4141.72      318.279  0.000721287     -5.88821            0        1e-08
     4198.06      318.589  0.000688204     -5.76426            0        1e-08
     4254.97      318.902   0.00065633     -5.63907            0        1e-08
     4312.44      319.218  0.000625636     -5.51262            0        1e-08
     4370.49      319.538  0.000596091     -5.38491            0        1e-08
     4429.12       319.86  0.000567667     -5.25593            0        1e-08
     4488.34      320.186  0.000540335     -5.12565            0        1e-08
     4548.15      320.515  0.000514064     -4.99407            0        1e-08
     4608.56      320.847  0.000488827     -4.86118            0        1e-08
     4669.57      321.183  0.000464596     -4.72696            0        1e-08
     4731.19      321.522  0.000441341     -4.59139            0        1e-08
     4793.42      321.864  0.000419034     -4.45447            0        1e-08
     4856.28       322.21  0.000397649     -4.31618            0        1e-08
     4919.77      322.559  0.000377158     -4.17651            0        1e-08
     4983.89      322.911  0.000357533     -4.03544            0        1e-08
     5048.66      323.268  0.000338748     -3.89295            0        1e-08
     5114.07      323.627  0.000320778     -3.74905            0        1e-08
     5180.13      323.991  0.000303595      -3.6037            0        1e-08
     5246.86      324.358  0.000287174     -3.45691            0        1e-08
     5314.25      324.728   0.00027149     -3.30864            0        1e-08
     5382.32      325.103  0.000256519     -3.15889            0        1e-08
     5451.07      325.481  0.000242236     -3.00765            0        1e-08
     5520.51      325.863  0.000228618     -2.85489            0        1e-08
     5590.64      326.248   0.00021564      -2.7006            0        1e-08
     5661.47      326.638   0.00020328     -2.54477            0        1e-08
     5733.01      327.032  0.000191515     -2.38738            0        1e-08
     5805.26      327.429  0.000180324     -2.22842            0        1e-08
     5878.24       327.83  0.000169684     -2.06787            0        1e-08
     5951.95      328.236  0.000159575     -1.90572            0        1e-08
     6026.39      328.645  0.000149977     -1.74194            0        1e-08
     6101.58      329.059  0.000140868     -1.57652            0        1e-08
     6177.52      329.476  0.000132229     -1.40945            0        1e-08
     6254.22      329.898  0.000124042     -1.24071            0        1e-08
     6331.69      330.324  0.000116287     -1.07029            0        1e-08
     6409.93      330.755  0.000108947    -0.898153            0        1e-08
     6488.95      331.189  0.000102004      -0.7243            0        1e-08
     6568.77      331.628    9.544e-05    -0.548708            0        1e-08
     6649.38      332.072  8.92392e-05     -0.37136            0        1e-08
      6730.8      332.519  8.33853e-05    -0.192238            0        1e-08
     6813.03      332.972  7.78625e-05   -0.0113257            0        1e-08
     6896.09      333.428  7.26557e-05     0.171396            0        1e-08
     6979.98       333.89  6.77501e-05     0.355945            0        1e-08
