# 
#     height         th_l          q_t            u            v          TKE
         7.5       297.25      0.01425     -10.0083            0     0.998125
        22.5       297.25      0.01425     -10.0247            0     0.994375
       37.65       297.25      0.01425     -10.0414            0     0.990588
     52.9515       297.25      0.01425     -10.0582            0     0.986762
      68.406       297.25      0.01425     -10.0752            0     0.982898
     84.0151       297.25      0.01425     -10.0924            0     0.978996
     99.7802       297.25      0.01425     -10.1098            0     0.975055
     115.703       297.25      0.01425     -10.1273            0     0.971074
     131.785       297.25      0.01425      -10.145            0     0.967054
     148.028       297.25      0.01425     -10.1628            0     0.962993
     164.433       297.25      0.01425     -10.1809            0     0.958892
     181.003       297.25      0.01425     -10.1991            0     0.954749
     197.738       297.25      0.01425     -10.2175            0     0.950566
      214.64       297.25      0.01425     -10.2361            0      0.94634
     231.711       297.25      0.01425     -10.2549            0     0.942072
     248.953       297.25      0.01425     -10.2738            0     0.937762
     266.368       297.25      0.01425      -10.293            0     0.933408
     283.957       297.25      0.01425     -10.3124            0     0.929011
     301.721       297.25      0.01425     -10.3319            0      0.92457
     319.663       297.25      0.01425     -10.3516            0     0.920084
     337.785       297.25      0.01425     -10.3716            0     0.915554
     356.088       297.25      0.01425     -10.3917            0     0.910978
     374.574       297.25      0.01425      -10.412            0     0.906357
     393.245       297.25      0.01425     -10.4326            0     0.901689
     412.102       297.25      0.01425     -10.4533            0     0.896975
     431.148       297.25      0.01425     -10.4743            0     0.892213
     450.384       297.25      0.01425     -10.4954            0     0.887404
     469.813       297.25      0.01425     -10.5168            0     0.882547
     489.436       297.25      0.01425     -10.5384            0     0.877641
     509.256      297.296    0.0141789     -10.5602            0     0.872686
     529.273      297.396    0.0140263     -10.5822            0     0.867682
     549.491      297.497    0.0138738     -10.6044            0     0.862627
     569.911        297.6    0.0137215     -10.6269            0     0.857522
     590.535      297.703    0.0135694     -10.6496            0     0.852366
     611.365      297.807    0.0134175     -10.6725            0     0.847159
     632.404      297.912    0.0132658     -10.6956            0     0.841899
     653.653      298.018    0.0131143      -10.719            0     0.836587
     675.115      298.126     0.012963     -10.7426            0     0.831221
     696.791      298.234     0.012812     -10.7665            0     0.825802
     718.684      298.343    0.0126613     -10.7906            0     0.820329
     740.796      298.454    0.0125109     -10.8149            0     0.814801
     763.129      298.566    0.0123607     -10.8394            0     0.809218
     785.685      298.678    0.0122109     -10.8643            0     0.803579
     808.467      298.792    0.0120615     -10.8893            0     0.797883
     831.476      298.907    0.0119124     -10.9146            0     0.792131
     854.716      299.024    0.0117637     -10.9402            0     0.786321
     878.188      299.141    0.0116154      -10.966            0     0.780453
     901.895      299.259    0.0114675     -10.9921            0     0.774526
     925.839      299.379      0.01132     -11.0184            0      0.76854
     950.023        299.5     0.011173      -11.045            0     0.762494
     974.448      299.622    0.0110265     -11.0719            0     0.756388
     999.117      299.746    0.0108804      -11.099            0     0.750221
     1024.03       299.87    0.0107349     -11.1264            0     0.743992
      1049.2      299.996    0.0105898     -11.1541            0       0.7377
     1074.62      300.123    0.0104453     -11.1821            0     0.731346
     1100.29      300.251    0.0103014     -11.2103            0     0.724928
     1126.21      300.381     0.010158     -11.2388            0     0.718446
      1152.4      300.512    0.0100152     -11.2676            0       0.7119
     1178.85      300.644   0.00987307     -11.2967            0     0.705287
     1205.56      300.778   0.00973153     -11.3261            0     0.698609
     1232.55      300.913   0.00959063     -11.3558            0     0.691864
      1259.8      301.049    0.0094504     -11.3858            0     0.685051
     1287.32      301.187   0.00931084     -11.4161            0      0.67817
     1315.12      301.326   0.00917198     -11.4466            0     0.671221
     1343.19      301.466   0.00903384     -11.4775            0     0.664202
     1371.55      301.608   0.00889642     -11.5087            0     0.657113
     1400.19      301.751   0.00875975     -11.5402            0     0.649952
     1429.12      301.896   0.00862385      -11.572            0     0.642721
     1458.33      302.042   0.00848873     -11.6042            0     0.635417
     1487.84      302.189    0.0083544     -11.6366            0      0.62804
     1517.65      302.338   0.00822089     -11.6694            0     0.620589
     1547.75      302.489   0.00808821     -11.7025            0     0.613063
     1578.15      302.641   0.00795638      -11.736            0     0.605463
     1608.86      302.794   0.00782541     -11.7697            0     0.597786
     1639.87      302.949   0.00769531     -11.8039            0     0.590033
     1671.19      303.106   0.00756612     -11.8383            0     0.582202
     1702.83      303.264   0.00743783     -11.8731            0     0.574293
     1734.78      303.424   0.00731046     -11.9083            0     0.566304
     1767.06      303.585   0.00718404     -11.9438            0     0.558236
     1799.65      303.748   0.00705857     -11.9796            0     0.550087
     1832.57      303.913   0.00693407     -12.0158            0     0.541857
     1865.82      304.079   0.00681056     -12.0524            0     0.533544
     1899.41      304.247   0.00668804     -12.0893            0     0.525148
     1933.33      304.417   0.00656653     -12.1267            0     0.516669
     1967.58      304.588   0.00644605     -12.1643            0     0.508104
     2002.18      304.761   0.00632661     -12.2024            0     0.499454
     2037.13      304.936   0.00620822     -12.2408            0     0.490717
     2072.43      305.112    0.0060909     -12.2797            0     0.481893
     2108.08       305.29   0.00597465     -12.3189            0     0.472981
     2144.08       305.47   0.00585949     -12.3585            0     0.463979
     2180.45      305.652   0.00574544     -12.3985            0     0.454888
     2217.18      305.836   0.00563249     -12.4389            0     0.445705
     2254.28      306.021   0.00552067     -12.4797            0     0.436431
     2291.74      306.209   0.00540999     -12.5209            0     0.427064
     2329.59      306.398   0.00530045     -12.5625            0     0.417604
     2367.81      306.589   0.00519207     -12.6046            0     0.408048
     2406.41      306.782   0.00508485     -12.6471            0     0.398398
      2445.4      306.977   0.00497881     -12.6899            0      0.38865
     2484.78      307.174   0.00487395     -12.7333            0     0.378806
     2524.55      307.373   0.00477028      -12.777            0     0.368862
     2564.72      307.574   0.00466782     -12.8212            0      0.35882
     2605.29      307.776   0.00456656     -12.8658            0     0.348677
     2646.27      307.981   0.00446652     -12.9109            0     0.338432
     2687.66      308.188   0.00436771     -12.9564            0     0.328085
     2729.46      308.397   0.00427013     -13.0024            0     0.317635
     2771.68      308.608   0.00417378     -13.0488            0      0.30708
     2814.32      308.822   0.00407868     -13.0958            0      0.29642
     2857.39      309.037   0.00398482     -13.1431            0     0.285653
     2900.89      309.254   0.00389222      -13.191            0     0.274778
     2944.82      309.474   0.00380087     -13.2393            0     0.263794
      2989.2      309.696   0.00371079     -13.2881            0     0.252701
     3034.01       309.92   0.00362198     -13.3374            0     0.241497
     3079.28      310.146   0.00353443     -13.3872            0     0.230181
        3125      310.375   0.00344816     -13.4375            0     0.218751
     3171.17      310.606   0.00336316     -13.4883            0     0.207207
     3217.81      310.839   0.00327944     -13.5396            0     0.195548
     3264.91      311.075   0.00319699     -13.5914            0     0.183772
     3312.48      311.312   0.00311583     -13.6437            0     0.171879
     3360.53      311.553   0.00303594     -13.6966            0     0.159866
     3409.06      311.795   0.00295734       -13.75            0     0.147734
     3458.08       312.04   0.00288001     -13.8039            0      0.13548
     3507.59      312.288   0.00280397     -13.8583            0     0.123103
     3557.59      312.538    0.0027292     -13.9133            0     0.110603
     3608.09       312.79    0.0026557     -13.9689            0     0.097978
     3659.09      313.045   0.00258348      -14.025            0    0.0852266
     3710.61      313.303   0.00251254     -14.0817            0    0.0723476
     3762.64      313.563   0.00244285     -14.1389            0    0.0593398
     3815.19      313.826   0.00237444     -14.1967            0     0.046202
     3868.27      314.091   0.00230728     -14.2551            0    0.0329327
     3921.88      314.359   0.00224138     -14.3141            0    0.0195308
     3976.02       314.63   0.00217674     -14.3736            0   0.00599487
     4030.71      314.904   0.00211334     -14.4338            0        1e-08
     4085.94       315.18   0.00205117     -14.4945            0        1e-08
     4141.72      315.459   0.00199025     -14.5559            0        1e-08
     4198.06       315.74   0.00193055     -14.6179            0        1e-08
     4254.97      316.025   0.00187207     -14.6805            0        1e-08
     4312.44      316.312    0.0018148     -14.7437            0        1e-08
     4370.49      316.602   0.00175874     -14.8075            0        1e-08
     4429.12      316.896   0.00170388      -14.872            0        1e-08
     4488.34      317.192    0.0016502     -14.9372            0        1e-08
     4548.15      317.491   0.00159771      -15.003            0        1e-08
     4608.56      317.793   0.00154638     -15.0694            0        1e-08
     4669.57      318.098   0.00149621     -15.1365            0        1e-08
     4731.19      318.406    0.0014472     -15.2043            0        1e-08
     4793.42      318.717   0.00139932     -15.2728            0        1e-08
     4856.28      319.031   0.00135257     -15.3419            0        1e-08
     4919.77      319.349   0.00130694     -15.4117            0        1e-08
     4983.89      319.669   0.00126242     -15.4823            0        1e-08
     5048.66      319.993   0.00121899     -15.5535            0        1e-08
     5114.07       320.32   0.00117664     -15.6255            0        1e-08
     5180.13      320.651   0.00113537     -15.6981            0        1e-08
     5246.86      320.984   0.00109514     -15.7715            0        1e-08
     5314.25      321.321   0.00105597     -15.8457            0        1e-08
     5382.32      321.662   0.00101782     -15.9206            0        1e-08
     5451.07      322.005  0.000980692     -15.9962            0        1e-08
     5520.51      322.353  0.000944566     -16.0726            0        1e-08
     5590.64      322.703  0.000909429     -16.1497            0        1e-08
     5661.47      323.057  0.000875268     -16.2276            0        1e-08
     5733.01      323.415  0.000842067     -16.3063            0        1e-08
     5805.26      323.776  0.000809813     -16.3858            0        1e-08
     5878.24      324.141   0.00077849     -16.4661            0        1e-08
     5951.95       324.51  0.000748083     -16.5471            0        1e-08
     6026.39      324.882  0.000718578      -16.629            0        1e-08
     6101.58      325.258  0.000689958     -16.7117            0        1e-08
     6177.52      325.638  0.000662209     -16.7953            0        1e-08
     6254.22      326.021  0.000635316     -16.8796            0        1e-08
     6331.69      326.408  0.000609262     -16.9649            0        1e-08
     6409.93        326.8  0.000584032     -17.0509            0        1e-08
     6488.95      327.195   0.00055961     -17.1379            0        1e-08
     6568.77      327.594   0.00053598     -17.2256            0        1e-08
     6649.38      327.997  0.000513126     -17.3143            0        1e-08
      6730.8      328.404  0.000491033     -17.4039            0        1e-08
     6813.03      328.815  0.000469685     -17.4943            0        1e-08
     6896.09       329.23  0.000449065     -17.5857            0        1e-08
     6979.98       329.65  0.000429157      -17.678            0        1e-08
