# 
#     height           ug           vg         wfls      dqtdxls      dqtdyls      dqtdtls      dthlrad
         7.5     -10.0165            0 -2.10373e-05            0            0 -1.72676e-08 -5.75832e-06
        22.5     -10.0495            0 -6.29884e-05            0            0 -1.72027e-08 -5.71497e-06
       37.65     -10.0828            0 -0.000105189            0            0 -1.71372e-08 -5.67119e-06
     52.9515     -10.1165            0 -0.000147634            0            0  -1.7071e-08 -5.62697e-06
      68.406     -10.1505            0 -0.000190317            0            0 -1.70041e-08 -5.58231e-06
     84.0151     -10.1848            0 -0.000233235            0            0 -1.69366e-08  -5.5372e-06
     99.7802     -10.2195            0  -0.00027638            0            0 -1.68685e-08 -5.49164e-06
     115.703     -10.2545            0 -0.000319746            0            0 -1.67996e-08 -5.44562e-06
     131.785     -10.2899            0 -0.000363327            0            0   -1.673e-08 -5.39914e-06
     148.028     -10.3257            0 -0.000407116            0            0 -1.66598e-08  -5.3522e-06
     164.433     -10.3618            0 -0.000451105            0            0 -1.65888e-08 -5.30479e-06
     181.003     -10.3982            0 -0.000495286            0            0 -1.65172e-08  -5.2569e-06
     197.738      -10.435            0 -0.000539652            0            0 -1.64448e-08 -5.20854e-06
      214.64     -10.4722            0 -0.000584193            0            0 -1.63717e-08 -5.15969e-06
     231.711     -10.5098            0 -0.000628901            0            0 -1.62978e-08 -5.11035e-06
     248.953     -10.5477            0 -0.000673766            0            0 -1.62233e-08 -5.06052e-06
     266.368      -10.586            0 -0.000718778            0            0  -1.6148e-08  -5.0102e-06
     283.957     -10.6247            0 -0.000763927            0            0 -1.60719e-08 -4.95937e-06
     301.721     -10.6638            0 -0.000809202            0            0 -1.59951e-08 -4.90803e-06
     319.663     -10.7033            0  -0.00085459            0            0 -1.59175e-08 -4.85617e-06
     337.785     -10.7431            0 -0.000900082            0            0 -1.58391e-08  -4.8038e-06
     356.088     -10.7834            0 -0.000945663            0            0 -1.57599e-08 -4.75091e-06
     374.574     -10.8241            0 -0.000991321            0            0   -1.568e-08 -4.69748e-06
     393.245     -10.8651            0  -0.00103704            0            0 -1.55992e-08 -4.64352e-06
     412.102     -10.9066            0  -0.00108281            0            0 -1.55177e-08 -4.58903e-06
     431.148     -10.9485            0  -0.00112862            0            0 -1.54353e-08 -4.53398e-06
     450.384     -10.9908            0  -0.00117445            0            0 -1.53521e-08 -4.47839e-06
     469.813     -11.0336            0  -0.00122028            0            0 -1.52681e-08 -4.42224e-06
     489.436     -11.0768            0  -0.00126609            0            0 -1.51832e-08 -4.36553e-06
     509.256     -11.1204            0  -0.00131188            0            0 -1.50975e-08 -4.30825e-06
     529.273     -11.1644            0  -0.00135763            0            0 -1.50109e-08  -4.2504e-06
     549.491     -11.2089            0   -0.0014033            0            0 -1.49235e-08 -4.19197e-06
     569.911     -11.2538            0   -0.0014489            0            0 -1.48351e-08 -4.13296e-06
     590.535     -11.2992            0  -0.00149439            0            0 -1.47459e-08 -4.07335e-06
     611.365      -11.345            0  -0.00153975            0            0 -1.46558e-08 -4.01315e-06
     632.404     -11.3913            0  -0.00158498            0            0 -1.45649e-08 -3.95235e-06
     653.653      -11.438            0  -0.00163004            0            0  -1.4473e-08 -3.89094e-06
     675.115     -11.4853            0  -0.00167491            0            0 -1.43801e-08 -3.82892e-06
     696.791     -11.5329            0  -0.00171958            0            0 -1.42864e-08 -3.76627e-06
     718.684     -11.5811            0  -0.00176401            0            0 -1.41917e-08   -3.703e-06
     740.796     -11.6298            0  -0.00180818            0            0 -1.40961e-08  -3.6391e-06
     763.129     -11.6789            0  -0.00185208            0            0 -1.39995e-08 -3.57456e-06
     785.685     -11.7285            0  -0.00189567            0            0 -1.39019e-08 -3.50937e-06
     808.467     -11.7786            0  -0.00193893            0            0 -1.38034e-08 -3.44353e-06
     831.476     -11.8292            0  -0.00198183            0            0 -1.37039e-08 -3.37703e-06
     854.716     -11.8804            0  -0.00202435            0            0 -1.36034e-08 -3.30987e-06
     878.188      -11.932            0  -0.00206646            0            0 -1.35018e-08 -3.24204e-06
     901.895     -11.9842            0  -0.00210813            0            0 -1.33993e-08 -3.17352e-06
     925.839     -12.0368            0  -0.00214933            0            0 -1.32957e-08 -3.10432e-06
     950.023       -12.09            0  -0.00219004            0            0 -1.31912e-08 -3.03443e-06
     974.448     -12.1438            0  -0.00223022            0            0 -1.30855e-08 -2.96385e-06
     999.117     -12.1981            0  -0.00226985            0            0 -1.29788e-08 -2.89255e-06
     1024.03     -12.2529            0  -0.00230889            0            0 -1.28711e-08 -2.82054e-06
      1049.2     -12.3082            0  -0.00234731            0            0 -1.27622e-08 -2.74782e-06
     1074.62     -12.3642            0  -0.00238509            0            0 -1.26523e-08 -2.67436e-06
     1100.29     -12.4206            0  -0.00242219            0            0 -1.25413e-08 -2.60017e-06
     1126.21     -12.4777            0  -0.00245857            0            0 -1.24291e-08 -2.52524e-06
      1152.4     -12.5353            0  -0.00249422            0            0 -1.23159e-08 -2.44956e-06
     1178.85     -12.5935            0  -0.00252909            0            0 -1.22015e-08 -2.37312e-06
     1205.56     -12.6522            0  -0.00256316            0            0 -1.20859e-08 -2.29592e-06
     1232.55     -12.7116            0  -0.00259639            0            0 -1.19692e-08 -2.21794e-06
      1259.8     -12.7716            0  -0.00262875            0            0 -1.18514e-08 -2.13919e-06
     1287.32     -12.8321            0   -0.0026602            0            0 -1.17323e-08 -2.05965e-06
     1315.12     -12.8933            0  -0.00269073            0            0 -1.16121e-08 -1.97931e-06
     1343.19      -12.955            0  -0.00272029            0            0 -1.14907e-08 -1.89817e-06
     1371.55     -13.0174            0  -0.00274885            0            0  -1.1368e-08 -1.81622e-06
     1400.19     -13.0804            0  -0.00277638            0            0 -1.12442e-08 -1.73345e-06
     1429.12     -13.1441            0  -0.00280286            0            0 -1.11191e-08 -1.64985e-06
     1458.33     -13.2083            0  -0.00282825            0            0 -1.09927e-08 -1.56542e-06
     1487.84     -13.2733            0  -0.00285252            0            0 -1.08651e-08 -1.48014e-06
     1517.65     -13.3388            0  -0.00287565            0            0 -1.07362e-08 -1.39401e-06
     1547.75      -13.405            0   -0.0028976            0            0  -1.0606e-08 -1.30701e-06
     1578.15     -13.4719            0  -0.00291836            0            0 -1.04745e-08 -1.21915e-06
     1608.86     -13.5395            0   -0.0029379            0            0 -1.03417e-08 -1.13041e-06
     1639.87     -13.6077            0  -0.00295619            0            0 -1.02076e-08 -1.04078e-06
     1671.19     -13.6766            0  -0.00297321            0            0 -1.00721e-08 -9.50253e-07
     1702.83     -13.7462            0  -0.00298895            0            0 -9.93526e-09 -8.58822e-07
     1734.78     -13.8165            0  -0.00300338            0            0 -9.79706e-09 -7.66477e-07
     1767.06     -13.8875            0  -0.00301649            0            0 -9.65748e-09 -6.73209e-07
     1799.65     -13.9592            0  -0.00302825            0            0 -9.51651e-09 -5.79008e-07
     1832.57     -14.0317            0  -0.00303867            0            0 -9.37412e-09 -4.83865e-07
     1865.82     -14.1048            0  -0.00304773            0            0 -9.23031e-09  -3.8777e-07
     1899.41     -14.1787            0  -0.00305542            0            0 -9.08507e-09 -2.90714e-07
     1933.33     -14.2533            0  -0.00306174            0            0 -8.93837e-09 -1.92688e-07
     1967.58     -14.3287            0  -0.00306669            0            0  -8.7902e-09 -9.36819e-08
     2002.18     -14.4048            0  -0.00307027            0            0 -8.64055e-09            0
     2037.13     -14.4817            0  -0.00307249            0            0  -8.4894e-09            0
     2072.43     -14.5593            0  -0.00307334            0            0 -8.33675e-09            0
     2108.08     -14.6378            0  -0.00307286            0            0 -8.18257e-09            0
     2144.08      -14.717            0  -0.00307104            0            0 -8.02684e-09            0
     2180.45      -14.797            0  -0.00306792            0            0 -7.86956e-09            0
     2217.18     -14.8778            0  -0.00306352            0            0  -7.7107e-09            0
     2254.28     -14.9594            0  -0.00305786            0            0 -7.55026e-09            0
     2291.74     -15.0418            0  -0.00305098            0            0 -7.38821e-09            0
     2329.59     -15.1251            0  -0.00304293            0            0 -7.22454e-09            0
     2367.81     -15.2092            0  -0.00303374            0            0 -7.05924e-09            0
     2406.41     -15.2941            0  -0.00302346            0            0 -6.89228e-09            0
      2445.4     -15.3799            0  -0.00301215            0            0 -6.72365e-09            0
     2484.78     -15.4665            0  -0.00299986            0            0 -6.55334e-09            0
     2524.55      -15.554            0  -0.00298667            0            0 -6.38132e-09            0
     2564.72     -15.6424            0  -0.00297264            0            0 -6.20758e-09            0
     2605.29     -15.7316            0  -0.00295785            0            0 -6.03211e-09            0
     2646.27     -15.8218            0  -0.00294238            0            0 -5.85488e-09            0
     2687.66     -15.9128            0  -0.00292632            0            0 -5.67588e-09            0
     2729.46     -16.0048            0  -0.00290977            0            0 -5.49508e-09            0
     2771.68     -16.0977            0  -0.00289282            0            0 -5.31248e-09            0
     2814.32     -16.1915            0  -0.00287559            0            0 -5.12806e-09            0
     2857.39     -16.2863            0  -0.00285818            0            0 -4.94179e-09            0
     2900.89      -16.382            0  -0.00284071            0            0 -4.75366e-09            0
     2944.82     -16.4786            0   -0.0028233            0            0 -4.56364e-09            0
      2989.2     -16.5762            0  -0.00280609            0            0 -4.37173e-09            0
     3034.01     -16.6748            0  -0.00278921            0            0 -4.17789e-09            0
     3079.28     -16.7744            0  -0.00277279            0            0 -3.98212e-09            0
        3125      -16.875            0  -0.00275698            0            0 -3.78439e-09            0
     3171.17     -16.9766            0  -0.00274193            0            0 -3.58469e-09            0
     3217.81     -17.0792            0  -0.00272779            0            0 -3.38298e-09            0
     3264.91     -17.1828            0  -0.00271471            0            0 -3.17926e-09            0
     3312.48     -17.2875            0  -0.00270285            0            0  -2.9735e-09            0
     3360.53     -17.3932            0  -0.00269237            0            0 -2.76569e-09            0
     3409.06     -17.4999            0  -0.00268344            0            0  -2.5558e-09            0
     3458.08     -17.6078            0  -0.00267622            0            0  -2.3438e-09            0
     3507.59     -17.7167            0  -0.00267087            0            0 -2.12969e-09            0
     3557.59     -17.8267            0  -0.00266755            0            0 -1.91344e-09            0
     3608.09     -17.9378            0  -0.00266642            0            0 -1.69502e-09            0
     3659.09       -18.05            0  -0.00266765            0            0 -1.47442e-09            0
     3710.61     -18.1633            0  -0.00267138            0            0 -1.25161e-09            0
     3762.64     -18.2778            0  -0.00267777            0            0 -1.02658e-09            0
     3815.19     -18.3934            0  -0.00268697            0            0 -7.99294e-10            0
     3868.27     -18.5102            0   -0.0026991            0            0 -5.69736e-10            0
     3921.88     -18.6281            0  -0.00271431            0            0 -3.37883e-10            0
     3976.02     -18.7472            0  -0.00273271            0            0 -1.03711e-10            0
     4030.71     -18.8676            0  -0.00275441            0            0            0            0
     4085.94     -18.9891            0  -0.00277951            0            0            0            0
     4141.72     -19.1118            0  -0.00280809            0            0            0            0
     4198.06     -19.2357            0  -0.00284022            0            0            0            0
     4254.97     -19.3609            0  -0.00287595            0            0            0            0
     4312.44     -19.4874            0  -0.00291532            0            0            0            0
     4370.49     -19.6151            0  -0.00295834            0            0            0            0
     4429.12     -19.7441            0    -0.003005            0            0            0            0
     4488.34     -19.8743            0  -0.00305528            0            0            0            0
     4548.15     -20.0059            0  -0.00310912            0            0            0            0
     4608.56     -20.1388            0  -0.00316646            0            0            0            0
     4669.57      -20.273            0  -0.00322717            0            0            0            0
     4731.19     -20.4086            0  -0.00329114            0            0            0            0
     4793.42     -20.5455            0   -0.0033582            0            0            0            0
     4856.28     -20.6838            0  -0.00342817            0            0            0            0
     4919.77     -20.8235            0  -0.00350082            0            0            0            0
     4983.89     -20.9646            0  -0.00357592            0            0            0            0
     5048.66      -21.107            0  -0.00365319            0            0            0            0
     5114.07      -21.251            0  -0.00373231            0            0            0            0
     5180.13     -21.3963            0  -0.00381295            0            0            0            0
     5246.86     -21.5431            0  -0.00389474            0            0            0            0
     5314.25     -21.6914            0  -0.00396293            0            0            0            0
     5382.32     -21.8411            0  -0.00397735            0            0            0            0
     5451.07     -21.9924            0  -0.00399153            0            0            0            0
     5520.51     -22.1451            0  -0.00400546            0            0            0            0
     5590.64     -22.2994            0  -0.00401914            0            0            0            0
     5661.47     -22.4552            0  -0.00403257            0            0            0            0
     5733.01     -22.6126            0  -0.00404576            0            0            0            0
     5805.26     -22.7716            0   -0.0040587            0            0            0            0
     5878.24     -22.9321            0  -0.00407139            0            0            0            0
     5951.95     -23.0943            0  -0.00408385            0            0            0            0
     6026.39     -23.2581            0  -0.00409606            0            0            0            0
     6101.58     -23.4235            0  -0.00410802            0            0            0            0
     6177.52     -23.5905            0  -0.00411975            0            0            0            0
     6254.22     -23.7593            0  -0.00413124            0            0            0            0
     6331.69     -23.9297            0  -0.00414249            0            0            0            0
     6409.93     -24.1018            0  -0.00415351            0            0            0            0
     6488.95     -24.2757            0  -0.00416429            0            0            0            0
     6568.77     -24.4513            0  -0.00417484            0            0            0            0
     6649.38     -24.6286            0  -0.00418516            0            0            0            0
      6730.8     -24.8078            0  -0.00419524            0            0            0            0
     6813.03     -24.9887            0  -0.00420511            0            0            0            0
     6896.09     -25.1714            0  -0.00421474            0            0            0            0
     6979.98     -25.3559            0  -0.00422415            0            0            0            0
