# 
#     height           ug           vg         wfls      dqtdxls      dqtdyls      dqtdtls      dthlrad
         7.5     -14.9835            0 -4.45989e-05            0            0 -1.72676e-08 -5.75832e-06
        22.5     -14.9505            0 -0.000133666            0            0 -1.72027e-08 -5.71497e-06
       37.65     -14.9172            0 -0.000223431            0            0 -1.71372e-08 -5.67119e-06
     52.9515     -14.8835            0 -0.000313876            0            0  -1.7071e-08 -5.62697e-06
      68.406     -14.8495            0 -0.000404986            0            0 -1.70041e-08 -5.58231e-06
     84.0151     -14.8152            0  -0.00049674            0            0 -1.69366e-08  -5.5372e-06
     99.7802     -14.7805            0 -0.000589118            0            0 -1.68685e-08 -5.49164e-06
     115.703     -14.7455            0 -0.000682099            0            0 -1.67996e-08 -5.44562e-06
     131.785     -14.7101            0  -0.00077566            0            0   -1.673e-08 -5.39914e-06
     148.028     -14.6743            0 -0.000869776            0            0 -1.66598e-08  -5.3522e-06
     164.433     -14.6382            0 -0.000964421            0            0 -1.65888e-08 -5.30479e-06
     181.003     -14.6018            0  -0.00105957            0            0 -1.65172e-08  -5.2569e-06
     197.738      -14.565            0  -0.00115519            0            0 -1.64448e-08 -5.20854e-06
      214.64     -14.5278            0  -0.00125125            0            0 -1.63717e-08 -5.15969e-06
     231.711     -14.4902            0  -0.00134772            0            0 -1.62978e-08 -5.11035e-06
     248.953     -14.4523            0  -0.00144457            0            0 -1.62233e-08 -5.06052e-06
     266.368      -14.414            0  -0.00154176            0            0  -1.6148e-08  -5.0102e-06
     283.957     -14.3753            0  -0.00163925            0            0 -1.60719e-08 -4.95937e-06
     301.721     -14.3362            0    -0.001737            0            0 -1.59951e-08 -4.90803e-06
     319.663     -14.2967            0  -0.00183498            0            0 -1.59175e-08 -4.85617e-06
     337.785     -14.2569            0  -0.00193313            0            0 -1.58391e-08  -4.8038e-06
     356.088     -14.2166            0  -0.00203141            0            0 -1.57599e-08 -4.75091e-06
     374.574     -14.1759            0  -0.00212979            0            0   -1.568e-08 -4.69748e-06
     393.245     -14.1349            0  -0.00222819            0            0 -1.55992e-08 -4.64352e-06
     412.102     -14.0934            0  -0.00232658            0            0 -1.55177e-08 -4.58903e-06
     431.148     -14.0515            0   -0.0024249            0            0 -1.54353e-08 -4.53398e-06
     450.384     -14.0092            0  -0.00252309            0            0 -1.53521e-08 -4.47839e-06
     469.813     -13.9664            0   -0.0026211            0            0 -1.52681e-08 -4.42224e-06
     489.436     -13.9232            0  -0.00271887            0            0 -1.51832e-08 -4.36553e-06
     509.256     -13.8796            0  -0.00281633            0            0 -1.50975e-08 -4.30825e-06
     529.273     -13.8356            0  -0.00291341            0            0 -1.50109e-08  -4.2504e-06
     549.491     -13.7911            0  -0.00301005            0            0 -1.49235e-08 -4.19197e-06
     569.911     -13.7462            0  -0.00310618            0            0 -1.48351e-08 -4.13296e-06
     590.535     -13.7008            0  -0.00320173            0            0 -1.47459e-08 -4.07335e-06
     611.365      -13.655            0  -0.00329662            0            0 -1.46558e-08 -4.01315e-06
     632.404     -13.6087            0  -0.00339078            0            0 -1.45649e-08 -3.95235e-06
     653.653      -13.562            0  -0.00348412            0            0  -1.4473e-08 -3.89094e-06
     675.115     -13.5147            0  -0.00357656            0            0 -1.43801e-08 -3.82892e-06
     696.791     -13.4671            0  -0.00366801            0            0 -1.42864e-08 -3.76627e-06
     718.684     -13.4189            0   -0.0037584            0            0 -1.41917e-08   -3.703e-06
     740.796     -13.3702            0  -0.00384763            0            0 -1.40961e-08  -3.6391e-06
     763.129     -13.3211            0  -0.00393561            0            0 -1.39995e-08 -3.57456e-06
     785.685     -13.2715            0  -0.00402223            0            0 -1.39019e-08 -3.50937e-06
     808.467     -13.2214            0  -0.00410742            0            0 -1.38034e-08 -3.44353e-06
     831.476     -13.1708            0  -0.00419106            0            0 -1.37039e-08 -3.37703e-06
     854.716     -13.1196            0  -0.00427306            0            0 -1.36034e-08 -3.30987e-06
     878.188      -13.068            0   -0.0043533            0            0 -1.35018e-08 -3.24204e-06
     901.895     -13.0158            0   -0.0044317            0            0 -1.33993e-08 -3.17352e-06
     925.839     -12.9632            0  -0.00450813            0            0 -1.32957e-08 -3.10432e-06
     950.023       -12.91            0  -0.00458248            0            0 -1.31912e-08 -3.03443e-06
     974.448     -12.8562            0  -0.00465466            0            0 -1.30855e-08 -2.96385e-06
     999.117     -12.8019            0  -0.00472453            0            0 -1.29788e-08 -2.89255e-06
     1024.03     -12.7471            0  -0.00479199            0            0 -1.28711e-08 -2.82054e-06
      1049.2     -12.6918            0  -0.00485692            0            0 -1.27622e-08 -2.74782e-06
     1074.62     -12.6358            0   -0.0049192            0            0 -1.26523e-08 -2.67436e-06
     1100.29     -12.5794            0  -0.00497871            0            0 -1.25413e-08 -2.60017e-06
     1126.21     -12.5223            0  -0.00503533            0            0 -1.24291e-08 -2.52524e-06
      1152.4     -12.4647            0  -0.00508894            0            0 -1.23159e-08 -2.44956e-06
     1178.85     -12.4065            0  -0.00513942            0            0 -1.22015e-08 -2.37312e-06
     1205.56     -12.3478            0  -0.00518664            0            0 -1.20859e-08 -2.29592e-06
     1232.55     -12.2884            0  -0.00523049            0            0 -1.19692e-08 -2.21794e-06
      1259.8     -12.2284            0  -0.00527083            0            0 -1.18514e-08 -2.13919e-06
     1287.32     -12.1679            0  -0.00530756            0            0 -1.17323e-08 -2.05965e-06
     1315.12     -12.1067            0  -0.00534055            0            0 -1.16121e-08 -1.97931e-06
     1343.19      -12.045            0  -0.00536967            0            0 -1.14907e-08 -1.89817e-06
     1371.55     -11.9826            0  -0.00539481            0            0  -1.1368e-08 -1.81622e-06
     1400.19     -11.9196            0  -0.00541586            0            0 -1.12442e-08 -1.73345e-06
     1429.12     -11.8559            0   -0.0054327            0            0 -1.11191e-08 -1.64985e-06
     1458.33     -11.7917            0  -0.00544521            0            0 -1.09927e-08 -1.56542e-06
     1487.84     -11.7267            0  -0.00545329            0            0 -1.08651e-08 -1.48014e-06
     1517.65     -11.6612            0  -0.00545684            0            0 -1.07362e-08 -1.39401e-06
     1547.75      -11.595            0  -0.00545574            0            0  -1.0606e-08 -1.30701e-06
     1578.15     -11.5281            0  -0.00544992            0            0 -1.04745e-08 -1.21915e-06
     1608.86     -11.4605            0  -0.00543927            0            0 -1.03417e-08 -1.13041e-06
     1639.87     -11.3923            0   -0.0054237            0            0 -1.02076e-08 -1.04078e-06
     1671.19     -11.3234            0  -0.00540315            0            0 -1.00721e-08 -9.50253e-07
     1702.83     -11.2538            0  -0.00537753            0            0 -9.93526e-09 -8.58822e-07
     1734.78     -11.1835            0  -0.00534678            0            0 -9.79706e-09 -7.66477e-07
     1767.06     -11.1125            0  -0.00531084            0            0 -9.65748e-09 -6.73209e-07
     1799.65     -11.0408            0  -0.00526967            0            0 -9.51651e-09 -5.79008e-07
     1832.57     -10.9683            0  -0.00522322            0            0 -9.37412e-09 -4.83865e-07
     1865.82     -10.8952            0  -0.00517146            0            0 -9.23031e-09  -3.8777e-07
     1899.41     -10.8213            0  -0.00511439            0            0 -9.08507e-09 -2.90714e-07
     1933.33     -10.7467            0  -0.00505198            0            0 -8.93837e-09 -1.92688e-07
     1967.58     -10.6713            0  -0.00498424            0            0  -8.7902e-09 -9.36819e-08
     2002.18     -10.5952            0   -0.0049112            0            0 -8.64055e-09            0
     2037.13     -10.5183            0  -0.00483289            0            0  -8.4894e-09            0
     2072.43     -10.4407            0  -0.00474934            0            0 -8.33675e-09            0
     2108.08     -10.3622            0  -0.00466063            0            0 -8.18257e-09            0
     2144.08      -10.283            0  -0.00456684            0            0 -8.02684e-09            0
     2180.45      -10.203            0  -0.00446805            0            0 -7.86956e-09            0
     2217.18     -10.1222            0  -0.00436438            0            0  -7.7107e-09            0
     2254.28     -10.0406            0  -0.00425596            0            0 -7.55026e-09            0
     2291.74     -9.95817            0  -0.00414295            0            0 -7.38821e-09            0
     2329.59     -9.87491            0  -0.00402551            0            0 -7.22454e-09            0
     2367.81     -9.79083            0  -0.00390383            0            0 -7.05924e-09            0
     2406.41      -9.7059            0  -0.00377813            0            0 -6.89228e-09            0
      2445.4     -9.62012            0  -0.00364864            0            0 -6.72365e-09            0
     2484.78     -9.53349            0  -0.00351561            0            0 -6.55334e-09            0
     2524.55     -9.44599            0  -0.00337933            0            0 -6.38132e-09            0
     2564.72     -9.35761            0  -0.00324009            0            0 -6.20758e-09            0
     2605.29     -9.26836            0  -0.00309823            0            0 -6.03211e-09            0
     2646.27      -9.1782            0  -0.00295409            0            0 -5.85488e-09            0
     2687.66     -9.08715            0  -0.00280805            0            0 -5.67588e-09            0
     2729.46     -8.99519            0  -0.00266051            0            0 -5.49508e-09            0
     2771.68      -8.9023            0  -0.00251188            0            0 -5.31248e-09            0
     2814.32     -8.80849            0  -0.00236262            0            0 -5.12806e-09            0
     2857.39     -8.71374            0  -0.00221319            0            0 -4.94179e-09            0
     2900.89     -8.61804            0  -0.00206409            0            0 -4.75366e-09            0
     2944.82     -8.52139            0  -0.00191583            0            0 -4.56364e-09            0
      2989.2     -8.42377            0  -0.00176896            0            0 -4.37173e-09            0
     3034.01     -8.32517            0  -0.00162404            0            0 -4.17789e-09            0
     3079.28     -8.22559            0  -0.00148164            0            0 -3.98212e-09            0
        3125     -8.12501            0  -0.00134236            0            0 -3.78439e-09            0
     3171.17     -8.02342            0  -0.00120682            0            0 -3.58469e-09            0
     3217.81     -7.92082            0  -0.00107566            0            0 -3.38298e-09            0
     3264.91      -7.8172            0 -0.000949516            0            0 -3.17926e-09            0
     3312.48     -7.71253            0 -0.000829051            0            0  -2.9735e-09            0
     3360.53     -7.60682            0 -0.000714931            0            0 -2.76569e-09            0
     3409.06     -7.50006            0 -0.000607832            0            0  -2.5558e-09            0
     3458.08     -7.39222            0 -0.000508431            0            0  -2.3438e-09            0
     3507.59     -7.28331            0 -0.000417407            0            0 -2.12969e-09            0
     3557.59     -7.17331            0 -0.000335436            0            0 -1.91344e-09            0
     3608.09     -7.06221            0 -0.000263189            0            0 -1.69502e-09            0
     3659.09     -6.94999            0 -0.000201325            0            0 -1.47442e-09            0
     3710.61     -6.83666            0  -0.00015049            0            0 -1.25161e-09            0
     3762.64     -6.72219            0 -0.000111308            0            0 -1.02658e-09            0
     3815.19     -6.60658            0 -8.43835e-05            0            0 -7.99294e-10            0
     3868.27     -6.48981            0 -7.02891e-05            0            0 -5.69736e-10            0
     3921.88     -6.37187            0  -6.9565e-05            0            0 -3.37883e-10            0
     3976.02     -6.25275            0 -8.27119e-05            0            0 -1.03711e-10            0
     4030.71     -6.13245            0 -0.000110186            0            0            0            0
     4085.94     -6.01094            0 -0.000152392            0            0            0            0
     4141.72     -5.88821            0 -0.000209679            0            0            0            0
     4198.06     -5.76426            0 -0.000282335            0            0            0            0
     4254.97     -5.63907            0 -0.000370577            0            0            0            0
     4312.44     -5.51262            0 -0.000474549            0            0            0            0
     4370.49     -5.38491            0 -0.000594314            0            0            0            0
     4429.12     -5.25593            0  -0.00072985            0            0            0            0
     4488.34     -5.12565            0 -0.000881042            0            0            0            0
     4548.15     -4.99407            0  -0.00104768            0            0            0            0
     4608.56     -4.86118            0  -0.00122944            0            0            0            0
     4669.57     -4.72696            0  -0.00142591            0            0            0            0
     4731.19     -4.59139            0  -0.00163654            0            0            0            0
     4793.42     -4.45447            0  -0.00186069            0            0            0            0
     4856.28     -4.31618            0  -0.00209759            0            0            0            0
     4919.77     -4.17651            0  -0.00234634            0            0            0            0
     4983.89     -4.03544            0  -0.00260593            0            0            0            0
     5048.66     -3.89295            0   -0.0028752            0            0            0            0
     5114.07     -3.74905            0  -0.00315291            0            0            0            0
     5180.13      -3.6037            0  -0.00343765            0            0            0            0
     5246.86     -3.45691            0  -0.00372791            0            0            0            0
     5314.25     -3.30864            0  -0.00396293            0            0            0            0
     5382.32     -3.15889            0  -0.00397735            0            0            0            0
     5451.07     -3.00765            0  -0.00399153            0            0            0            0
     5520.51     -2.85489            0  -0.00400546            0            0            0            0
     5590.64      -2.7006            0  -0.00401914            0            0            0            0
     5661.47     -2.54477            0  -0.00403257            0            0            0            0
     5733.01     -2.38738            0  -0.00404576            0            0            0            0
     5805.26     -2.22842            0   -0.0040587            0            0            0            0
     5878.24     -2.06787            0  -0.00407139            0            0            0            0
     5951.95     -1.90572            0  -0.00408385            0            0            0            0
     6026.39     -1.74194            0  -0.00409606            0            0            0            0
     6101.58     -1.57652            0  -0.00410802            0            0            0            0
     6177.52     -1.40945            0  -0.00411975            0            0            0            0
     6254.22     -1.24071            0  -0.00413124            0            0            0            0
     6331.69     -1.07029            0  -0.00414249            0            0            0            0
     6409.93    -0.898153            0  -0.00415351            0            0            0            0
     6488.95      -0.7243            0  -0.00416429            0            0            0            0
     6568.77    -0.548708            0  -0.00417484            0            0            0            0
     6649.38     -0.37136            0  -0.00418516            0            0            0            0
      6730.8    -0.192238            0  -0.00419524            0            0            0            0
     6813.03   -0.0113257            0  -0.00420511            0            0            0            0
     6896.09     0.171396            0  -0.00421474            0            0            0            0
     6979.98     0.355945            0  -0.00422415            0            0            0            0
