
      z (m)          factor (-)         u (m s-1)         v (m s-1)         w (m s-1)          thl (K)        qt (kg kg-1)    
# 0.00000000E+00
+7.5000000000e+00 +7.5548240924e+06 -9.9835000000e+00 +0.0000000000e+00 +0.0000000000e+00 +2.9725000000e+02 +1.4250000000e-02
+2.2500000000e+01 +7.5261719898e+06 -9.9505000000e+00 +0.0000000000e+00 +0.0000000000e+00 +2.9725000000e+02 +1.4250000000e-02
+3.7650000000e+01 +7.4970634806e+06 -9.9171700000e+00 +0.0000000000e+00 +0.0000000000e+00 +2.9725000000e+02 +1.4250000000e-02
+5.2951500000e+01 +7.4674894005e+06 -9.8835067000e+00 +0.0000000000e+00 +0.0000000000e+00 +2.9725000000e+02 +1.4250000000e-02
+6.8406015000e+01 +7.4374403620e+06 -9.8495067670e+00 +0.0000000000e+00 +0.0000000000e+00 +2.9725000000e+02 +1.4250000000e-02
+8.4015075150e+01 +7.4069067488e+06 -9.8151668347e+00 +0.0000000000e+00 +0.0000000000e+00 +2.9725000000e+02 +1.4250000000e-02
+9.9780225902e+01 +7.3758787095e+06 -9.7804835030e+00 +0.0000000000e+00 +0.0000000000e+00 +2.9725000000e+02 +1.4250000000e-02
+1.1570302816e+02 +7.3443461514e+06 -9.7454533380e+00 +0.0000000000e+00 +0.0000000000e+00 +2.9725000000e+02 +1.4250000000e-02
+1.3178505844e+02 +7.3122987343e+06 -9.7100728714e+00 +0.0000000000e+00 +0.0000000000e+00 +2.9725000000e+02 +1.4250000000e-02
+1.4802790903e+02 +7.2797258644e+06 -9.6743386001e+00 +0.0000000000e+00 +0.0000000000e+00 +2.9725000000e+02 +1.4250000000e-02
+1.6443318812e+02 +7.2466166872e+06 -9.6382469861e+00 +0.0000000000e+00 +0.0000000000e+00 +2.9725000000e+02 +1.4250000000e-02
+1.8100252000e+02 +7.2129600817e+06 -9.6017944560e+00 +0.0000000000e+00 +0.0000000000e+00 +2.9725000000e+02 +1.4250000000e-02
+1.9773754520e+02 +7.1787446529e+06 -9.5649774006e+00 +0.0000000000e+00 +0.0000000000e+00 +2.9725000000e+02 +1.4250000000e-02
+2.1463992065e+02 +7.1439587256e+06 -9.5277921746e+00 +0.0000000000e+00 +0.0000000000e+00 +2.9725000000e+02 +1.4250000000e-02
+2.3171131986e+02 +7.1085903372e+06 -9.4902350963e+00 +0.0000000000e+00 +0.0000000000e+00 +2.9725000000e+02 +1.4250000000e-02
+2.4895343305e+02 +7.0726272310e+06 -9.4523024473e+00 +0.0000000000e+00 +0.0000000000e+00 +2.9725000000e+02 +1.4250000000e-02
+2.6636796739e+02 +7.0360568491e+06 -9.4139904718e+00 +0.0000000000e+00 +0.0000000000e+00 +2.9725000000e+02 +1.4250000000e-02
+2.8395664706e+02 +6.9988663253e+06 -9.3752953765e+00 +0.0000000000e+00 +0.0000000000e+00 +2.9725000000e+02 +1.4250000000e-02
+3.0172121353e+02 +6.9610424782e+06 -9.3362133302e+00 +0.0000000000e+00 +0.0000000000e+00 +2.9725000000e+02 +1.4250000000e-02
+3.1966342567e+02 +6.9225718043e+06 -9.2967404635e+00 +0.0000000000e+00 +0.0000000000e+00 +2.9725000000e+02 +1.4250000000e-02
+3.3778505992e+02 +6.8834404704e+06 -9.2568728682e+00 +0.0000000000e+00 +0.0000000000e+00 +2.9725000000e+02 +1.4250000000e-02
+3.5608791052e+02 +6.8436343075e+06 -9.2166065969e+00 +0.0000000000e+00 +0.0000000000e+00 +2.9725000000e+02 +1.4250000000e-02
+3.7457378963e+02 +6.8031388033e+06 -9.1759376628e+00 +0.0000000000e+00 +0.0000000000e+00 +2.9725000000e+02 +1.4250000000e-02
+3.9324452752e+02 +6.7619390957e+06 -9.1348620395e+00 +0.0000000000e+00 +0.0000000000e+00 +2.9725000000e+02 +1.4250000000e-02
+4.1210197280e+02 +6.7200199664e+06 -9.0933756598e+00 +0.0000000000e+00 +0.0000000000e+00 +2.9725000000e+02 +1.4250000000e-02
+4.3114799253e+02 +6.6773658342e+06 -9.0514744164e+00 +0.0000000000e+00 +0.0000000000e+00 +2.9725000000e+02 +1.4250000000e-02
+4.5038447245e+02 +6.6339607493e+06 -9.0091541606e+00 +0.0000000000e+00 +0.0000000000e+00 +2.9725000000e+02 +1.4250000000e-02
+4.6981331718e+02 +6.5897883873e+06 -8.9664107022e+00 +0.0000000000e+00 +0.0000000000e+00 +2.9725000000e+02 +1.4250000000e-02
+4.8943645035e+02 +6.5448320441e+06 -8.9232398092e+00 +0.0000000000e+00 +0.0000000000e+00 +2.9725000000e+02 +1.4250000000e-02
+5.0925581485e+02 +6.4990746307e+06 -8.8796372073e+00 +0.0000000000e+00 +0.0000000000e+00 +2.9729627907e+02 +1.4197339399e-02
+5.2927337300e+02 +6.4524986694e+06 -8.8355985794e+00 +0.0000000000e+00 +0.0000000000e+00 +2.9739636686e+02 +1.4084114873e-02
+5.4949110673e+02 +6.4050862897e+06 -8.7911195652e+00 +0.0000000000e+00 +0.0000000000e+00 +2.9749745553e+02 +1.3970674638e-02
+5.6991101780e+02 +6.3568192257e+06 -8.7461957608e+00 +0.0000000000e+00 +0.0000000000e+00 +2.9759955509e+02 +1.3857027430e-02
+5.9053512797e+02 +6.3076788141e+06 -8.7008227185e+00 +0.0000000000e+00 +0.0000000000e+00 +2.9770267564e+02 +1.3743182123e-02
+6.1136547925e+02 +6.2576459933e+06 -8.6549959456e+00 +0.0000000000e+00 +0.0000000000e+00 +2.9780682740e+02 +1.3629147733e-02
+6.3240413405e+02 +6.2067013036e+06 -8.6087109051e+00 +0.0000000000e+00 +0.0000000000e+00 +2.9791202067e+02 +1.3514933417e-02
+6.5365317539e+02 +6.1548248887e+06 -8.5619630141e+00 +0.0000000000e+00 +0.0000000000e+00 +2.9801826588e+02 +1.3400548468e-02
+6.7511470714e+02 +6.1019964991e+06 -8.5147476443e+00 +0.0000000000e+00 +0.0000000000e+00 +2.9812557354e+02 +1.3286002320e-02
+6.9679085421e+02 +6.0481954971e+06 -8.4670601207e+00 +0.0000000000e+00 +0.0000000000e+00 +2.9823395427e+02 +1.3171304544e-02
+7.1868376275e+02 +5.9934008633e+06 -8.4188957219e+00 +0.0000000000e+00 +0.0000000000e+00 +2.9834341881e+02 +1.3056464846e-02
+7.4079560038e+02 +5.9375912065e+06 -8.3702496792e+00 +0.0000000000e+00 +0.0000000000e+00 +2.9845397800e+02 +1.2941493071e-02
+7.6312855639e+02 +5.8807447748e+06 -8.3211171760e+00 +0.0000000000e+00 +0.0000000000e+00 +2.9856564278e+02 +1.2826399195e-02
+7.8568484195e+02 +5.8228394712e+06 -8.2714933477e+00 +0.0000000000e+00 +0.0000000000e+00 +2.9867842421e+02 +1.2711193331e-02
+8.0846669037e+02 +5.7638528708e+06 -8.2213732812e+00 +0.0000000000e+00 +0.0000000000e+00 +2.9879233345e+02 +1.2595885721e-02
+8.3147635727e+02 +5.7037622433e+06 -8.1707520140e+00 +0.0000000000e+00 +0.0000000000e+00 +2.9890738179e+02 +1.2480486740e-02
+8.5471612085e+02 +5.6425445785e+06 -8.1196245341e+00 +0.0000000000e+00 +0.0000000000e+00 +2.9902358060e+02 +1.2365006892e-02
+8.7818828205e+02 +5.5801766174e+06 -8.0679857795e+00 +0.0000000000e+00 +0.0000000000e+00 +2.9914094141e+02 +1.2249456809e-02
+9.0189516487e+02 +5.5166348879e+06 -8.0158306373e+00 +0.0000000000e+00 +0.0000000000e+00 +2.9925947582e+02 +1.2133847249e-02
+9.2583911652e+02 +5.4518957470e+06 -7.9631539436e+00 +0.0000000000e+00 +0.0000000000e+00 +2.9937919558e+02 +1.2018189095e-02
+9.5002250769e+02 +5.3859354293e+06 -7.9099504831e+00 +0.0000000000e+00 +0.0000000000e+00 +2.9950011254e+02 +1.1902493353e-02
+9.7444773277e+02 +5.3187301033e+06 -7.8562149879e+00 +0.0000000000e+00 +0.0000000000e+00 +2.9962223866e+02 +1.1786771150e-02
+9.9911721009e+02 +5.2502559359e+06 -7.8019421378e+00 +0.0000000000e+00 +0.0000000000e+00 +2.9974558605e+02 +1.1671033732e-02
+1.0240333822e+03 +5.1804891661e+06 -7.7471265592e+00 +0.0000000000e+00 +0.0000000000e+00 +2.9987016691e+02 +1.1555292462e-02
+1.0491987160e+03 +5.1094061899e+06 -7.6917628248e+00 +0.0000000000e+00 +0.0000000000e+00 +2.9999599358e+02 +1.1439558818e-02
+1.0746157032e+03 +5.0369836559e+06 -7.6358454530e+00 +0.0000000000e+00 +0.0000000000e+00 +3.0012307852e+02 +1.1323844389e-02
+1.1002868602e+03 +4.9631985747e+06 -7.5793689075e+00 +0.0000000000e+00 +0.0000000000e+00 +3.0025143430e+02 +1.1208160876e-02
+1.1262147288e+03 +4.8880284428e+06 -7.5223275966e+00 +0.0000000000e+00 +0.0000000000e+00 +3.0038107364e+02 +1.1092520088e-02
+1.1524018761e+03 +4.8114513821e+06 -7.4647158726e+00 +0.0000000000e+00 +0.0000000000e+00 +3.0051200938e+02 +1.0976933936e-02
+1.1788508949e+03 +4.7334462985e+06 -7.4065280313e+00 +0.0000000000e+00 +0.0000000000e+00 +3.0064425447e+02 +1.0861414436e-02
+1.2055644038e+03 +4.6539930594e+06 -7.3477583116e+00 +0.0000000000e+00 +0.0000000000e+00 +3.0077782202e+02 +1.0745973703e-02
+1.2325450478e+03 +4.5730726942e+06 -7.2884008947e+00 +0.0000000000e+00 +0.0000000000e+00 +3.0091272524e+02 +1.0630623949e-02
+1.2597954983e+03 +4.4906676192e+06 -7.2284499037e+00 +0.0000000000e+00 +0.0000000000e+00 +3.0104897749e+02 +1.0515377477e-02
+1.2873184533e+03 +4.4067618897e+06 -7.1678994027e+00 +0.0000000000e+00 +0.0000000000e+00 +3.0118659227e+02 +1.0400246683e-02
+1.3151166378e+03 +4.3213414822e+06 -7.1067433967e+00 +0.0000000000e+00 +0.0000000000e+00 +3.0132558319e+02 +1.0285244050e-02
+1.3431928042e+03 +4.2343946099e+06 -7.0449758307e+00 +0.0000000000e+00 +0.0000000000e+00 +3.0146596402e+02 +1.0170382145e-02
+1.3715497323e+03 +4.1459120746e+06 -6.9825905890e+00 +0.0000000000e+00 +0.0000000000e+00 +3.0160774866e+02 +1.0055673613e-02
+1.4001902296e+03 +4.0558876582e+06 -6.9195814949e+00 +0.0000000000e+00 +0.0000000000e+00 +3.0175095115e+02 +9.9411311788e-03
+1.4291171319e+03 +3.9643185591e+06 -6.8559423099e+00 +0.0000000000e+00 +0.0000000000e+00 +3.0189558566e+02 +9.8267676392e-03
+1.4583333032e+03 +3.8712058743e+06 -6.7916667330e+00 +0.0000000000e+00 +0.0000000000e+00 +3.0204166652e+02 +9.7125958603e-03
+1.4878416362e+03 +3.7765551354e+06 -6.7267484003e+00 +0.0000000000e+00 +0.0000000000e+00 +3.0218920818e+02 +9.5986287739e-03
+1.5176450526e+03 +3.6803768984e+06 -6.6611808843e+00 +0.0000000000e+00 +0.0000000000e+00 +3.0233822526e+02 +9.4848793733e-03
+1.5477465031e+03 +3.5826873951e+06 -6.5949576931e+00 +0.0000000000e+00 +0.0000000000e+00 +3.0248873252e+02 +9.3713607092e-03
+1.5781489682e+03 +3.4835092468e+06 -6.5280722701e+00 +0.0000000000e+00 +0.0000000000e+00 +3.0264074484e+02 +9.2580858854e-03
+1.6088554578e+03 +3.3828722471e+06 -6.4605179928e+00 +0.0000000000e+00 +0.0000000000e+00 +3.0279427729e+02 +9.1450680550e-03
+1.6398690124e+03 +3.2808142140e+06 -6.3922881727e+00 +0.0000000000e+00 +0.0000000000e+00 +3.0294934506e+02 +9.0323204150e-03
+1.6711927025e+03 +3.1773819162e+06 -6.3233760544e+00 +0.0000000000e+00 +0.0000000000e+00 +3.0310596351e+02 +8.9198562028e-03
+1.7028296296e+03 +3.0726320725e+06 -6.2537748150e+00 +0.0000000000e+00 +0.0000000000e+00 +3.0326414815e+02 +8.8076886909e-03
+1.7347829259e+03 +2.9666324262e+06 -6.1834775631e+00 +0.0000000000e+00 +0.0000000000e+00 +3.0342391463e+02 +8.6958311823e-03
+1.7670557551e+03 +2.8594628898e+06 -6.1124773388e+00 +0.0000000000e+00 +0.0000000000e+00 +3.0358527878e+02 +8.5842970059e-03
+1.7996513127e+03 +2.7512167559e+06 -6.0407671121e+00 +0.0000000000e+00 +0.0000000000e+00 +3.0374825656e+02 +8.4730995112e-03
+1.8325728258e+03 +2.6420019648e+06 -5.9683397833e+00 +0.0000000000e+00 +0.0000000000e+00 +3.0391286413e+02 +8.3622520634e-03
+1.8658235540e+03 +2.5319424152e+06 -5.8951881811e+00 +0.0000000000e+00 +0.0000000000e+00 +3.0407911777e+02 +8.2517680386e-03
+1.8994067896e+03 +2.4211792973e+06 -5.8213050629e+00 +0.0000000000e+00 +0.0000000000e+00 +3.0424703395e+02 +8.1416608178e-03
+1.9333258575e+03 +2.3098724235e+06 -5.7466831135e+00 +0.0000000000e+00 +0.0000000000e+00 +3.0441662929e+02 +8.0319437824e-03
+1.9675841161e+03 +2.1982015193e+06 -5.6713149447e+00 +0.0000000000e+00 +0.0000000000e+00 +3.0458792058e+02 +7.9226303080e-03
+2.0021849572e+03 +2.0863674285e+06 -5.5951930941e+00 +0.0000000000e+00 +0.0000000000e+00 +3.0476092479e+02 +7.8137337596e-03
+2.0371318068e+03 +1.9745931771e+06 -5.5183100251e+00 +0.0000000000e+00 +0.0000000000e+00 +3.0493565903e+02 +7.7052674855e-03
+2.0724281249e+03 +1.8631248206e+06 -5.4406581253e+00 +0.0000000000e+00 +0.0000000000e+00 +3.0511214062e+02 +7.5972448116e-03
+2.1080774061e+03 +1.7522319914e+06 -5.3622297066e+00 +0.0000000000e+00 +0.0000000000e+00 +3.0529038703e+02 +7.4896790360e-03
+2.1440831802e+03 +1.6422080418e+06 -5.2830170036e+00 +0.0000000000e+00 +0.0000000000e+00 +3.0547041590e+02 +7.3825834228e-03
+2.1804490120e+03 +1.5333696642e+06 -5.2030121737e+00 +0.0000000000e+00 +0.0000000000e+00 +3.0565224506e+02 +7.2759711963e-03
+2.2171785021e+03 +1.4260558563e+06 -5.1222072954e+00 +0.0000000000e+00 +0.0000000000e+00 +3.0583589251e+02 +7.1698555350e-03
+2.2542752871e+03 +1.3206260852e+06 -5.0405943684e+00 +0.0000000000e+00 +0.0000000000e+00 +3.0602137644e+02 +7.0642495654e-03
+2.2917430400e+03 +1.2174575024e+06 -4.9581653120e+00 +0.0000000000e+00 +0.0000000000e+00 +3.0620871520e+02 +6.9591663559e-03
+2.3295854704e+03 +1.1169410619e+06 -4.8749119652e+00 +0.0000000000e+00 +0.0000000000e+00 +3.0639792735e+02 +6.8546189106e-03
+2.3678063251e+03 +1.0194764143e+06 -4.7908260848e+00 +0.0000000000e+00 +0.0000000000e+00 +3.0658903163e+02 +6.7506201631e-03
+2.4064093883e+03 +9.2546548350e+05 -4.7058993457e+00 +0.0000000000e+00 +0.0000000000e+00 +3.0678204694e+02 +6.6471829700e-03
+2.4453984822e+03 +8.3530468986e+05 -4.6201233391e+00 +0.0000000000e+00 +0.0000000000e+00 +3.0697699241e+02 +6.5443201045e-03
+2.4847774670e+03 +7.4937586989e+05 -4.5334895725e+00 +0.0000000000e+00 +0.0000000000e+00 +3.0717388734e+02 +6.4420442502e-03
+2.5245502417e+03 +6.6803605157e+05 -4.4459894682e+00 +0.0000000000e+00 +0.0000000000e+00 +3.0737275121e+02 +6.3403679943e-03
+2.5647207441e+03 +5.9160638360e+05 -4.3576143629e+00 +0.0000000000e+00 +0.0000000000e+00 +3.0757360372e+02 +6.2393038213e-03
+2.6052929516e+03 +5.2036067102e+05 -4.2683555065e+00 +0.0000000000e+00 +0.0000000000e+00 +3.0777646476e+02 +6.1388641064e-03
+2.6462708811e+03 +4.5451412977e+05 -4.1782040616e+00 +0.0000000000e+00 +0.0000000000e+00 +3.0798135441e+02 +6.0390611087e-03
+2.6876585899e+03 +3.9421311388e+05 -4.0871511022e+00 +0.0000000000e+00 +0.0000000000e+00 +3.0818829295e+02 +5.9399069648e-03
+2.7294601758e+03 +3.3952666489e+05 -3.9951876132e+00 +0.0000000000e+00 +0.0000000000e+00 +3.0839730088e+02 +5.8414136821e-03
+2.7716797776e+03 +2.9044075135e+05 -3.9023044894e+00 +0.0000000000e+00 +0.0000000000e+00 +3.0860839889e+02 +5.7435931321e-03
+2.8143215753e+03 +2.4685597977e+05 -3.8084925343e+00 +0.0000000000e+00 +0.0000000000e+00 +3.0882160788e+02 +5.6464570438e-03
+2.8573897911e+03 +2.0858934910e+05 -3.7137424596e+00 +0.0000000000e+00 +0.0000000000e+00 +3.0903694896e+02 +5.5500169970e-03
+2.9008886890e+03 +1.7538029359e+05 -3.6180448842e+00 +0.0000000000e+00 +0.0000000000e+00 +3.0925444344e+02 +5.4542844155e-03
+2.9448225759e+03 +1.4690084215e+05 -3.5213903330e+00 +0.0000000000e+00 +0.0000000000e+00 +3.0947411288e+02 +5.3592705605e-03
+2.9891958016e+03 +1.2276927357e+05 -3.4237692364e+00 +0.0000000000e+00 +0.0000000000e+00 +3.0969597901e+02 +5.2649865241e-03
+3.0340127597e+03 +1.0256624043e+05 -3.3251719287e+00 +0.0000000000e+00 +0.0000000000e+00 +3.0992006380e+02 +5.1714432225e-03
+3.0792778873e+03 +8.5852047914e+04 -3.2255886480e+00 +0.0000000000e+00 +0.0000000000e+00 +3.1014638944e+02 +5.0786513894e-03
+3.1249956661e+03 +7.2183666968e+04 -3.1250095345e+00 +0.0000000000e+00 +0.0000000000e+00 +3.1037497833e+02 +4.9866215694e-03
+3.1711706228e+03 +6.1130156329e+04 -3.0234246299e+00 +0.0000000000e+00 +0.0000000000e+00 +3.1060585311e+02 +4.8953641115e-03
+3.2178073290e+03 +5.2285446164e+04 -2.9208238762e+00 +0.0000000000e+00 +0.0000000000e+00 +3.1083903665e+02 +4.8048891628e-03
+3.2649104023e+03 +4.5277835640e+04 -2.8171971149e+00 +0.0000000000e+00 +0.0000000000e+00 +3.1107455201e+02 +4.7152066616e-03
+3.3124845063e+03 +3.9775996973e+04 -2.7125340861e+00 +0.0000000000e+00 +0.0000000000e+00 +3.1131242253e+02 +4.6263263313e-03
+3.3605343514e+03 +3.5491677758e+04 -2.6068244269e+00 +0.0000000000e+00 +0.0000000000e+00 +3.1155267176e+02 +4.5382576740e-03
+3.4090646949e+03 +3.2179591781e+04 -2.5000576712e+00 +0.0000000000e+00 +0.0000000000e+00 +3.1179532347e+02 +4.4510099645e-03
+3.4580803419e+03 +2.9635157990e+04 -2.3922232479e+00 +0.0000000000e+00 +0.0000000000e+00 +3.1204040171e+02 +4.3645922437e-03
+3.5075861453e+03 +2.7690791484e+04 -2.2833104804e+00 +0.0000000000e+00 +0.0000000000e+00 +3.1228793073e+02 +4.2790133127e-03
+3.5575870067e+03 +2.6211395935e+04 -2.1733085852e+00 +0.0000000000e+00 +0.0000000000e+00 +3.1253793503e+02 +4.1942817269e-03
+3.6080878768e+03 +2.5089590926e+04 -2.0622066710e+00 +0.0000000000e+00 +0.0000000000e+00 +3.1279043938e+02 +4.1104057900e-03
+3.6590937556e+03 +2.4241066580e+04 -1.9499937378e+00 +0.0000000000e+00 +0.0000000000e+00 +3.1304546878e+02 +4.0273935482e-03
+3.7106096931e+03 +2.3600319881e+04 -1.8366586751e+00 +0.0000000000e+00 +0.0000000000e+00 +3.1330304847e+02 +3.9452527846e-03
+3.7626407901e+03 +2.3116909737e+04 -1.7221902619e+00 +0.0000000000e+00 +0.0000000000e+00 +3.1356320395e+02 +3.8639910137e-03
+3.8151921980e+03 +2.2752278749e+04 -1.6065771645e+00 +0.0000000000e+00 +0.0000000000e+00 +3.1382596099e+02 +3.7836154756e-03
+3.8682691199e+03 +2.2477128967e+04 -1.4898079361e+00 +0.0000000000e+00 +0.0000000000e+00 +3.1409134560e+02 +3.7041331314e-03
+3.9218768111e+03 +2.2269302704e+04 -1.3718710155e+00 +0.0000000000e+00 +0.0000000000e+00 +3.1435938406e+02 +3.6255506574e-03
+3.9760205792e+03 +2.2112101884e+04 -1.2527547257e+00 +0.0000000000e+00 +0.0000000000e+00 +3.1463010290e+02 +3.5478744405e-03
+4.0307057850e+03 +2.1992974666e+04 -1.1324472729e+00 +0.0000000000e+00 +0.0000000000e+00 +3.1490352893e+02 +3.4711105733e-03
+4.0859378429e+03 +2.1902501261e+04 -1.0109367456e+00 +0.0000000000e+00 +0.0000000000e+00 +3.1517968921e+02 +3.3952648494e-03
+4.1417222213e+03 +2.1833618268e+04 -8.8821111310e-01 +0.0000000000e+00 +0.0000000000e+00 +3.1545861111e+02 +3.3203427588e-03
+4.1980644435e+03 +2.1781029934e+04 -7.6425822423e-01 +0.0000000000e+00 +0.0000000000e+00 +3.1574032222e+02 +3.2463494839e-03
+4.2549700880e+03 +2.1740763941e+04 -6.3906580648e-01 +0.0000000000e+00 +0.0000000000e+00 +3.1602485044e+02 +3.1732898951e-03
+4.3124447888e+03 +2.1709837734e+04 -5.1262146454e-01 +0.0000000000e+00 +0.0000000000e+00 +3.1631222394e+02 +3.1011685472e-03
+4.3704942367e+03 +2.1686008708e+04 -3.8491267919e-01 +0.0000000000e+00 +0.0000000000e+00 +3.1660247118e+02 +3.0299896753e-03
+4.4291241791e+03 +2.1667587594e+04 -2.5592680598e-01 +0.0000000000e+00 +0.0000000000e+00 +3.1689562090e+02 +2.9597571915e-03
+4.4883404209e+03 +2.1653299238e+04 -1.2565107404e-01 +0.0000000000e+00 +0.0000000000e+00 +3.1719170210e+02 +2.8904746817e-03
+4.5481488251e+03 +2.1642178790e+04 +5.9274152208e-03 +0.0000000000e+00 +0.0000000000e+00 +3.1749074413e+02 +2.8221454023e-03
+4.6085553134e+03 +2.1633494307e+04 +1.3882168937e-01 +0.0000000000e+00 +0.0000000000e+00 +3.1779277657e+02 +2.7547722777e-03
+4.6695658665e+03 +2.1626688992e+04 +2.7304490627e-01 +0.0000000000e+00 +0.0000000000e+00 +3.1809782933e+02 +2.6883578973e-03
+4.7311865251e+03 +2.1621338056e+04 +4.0861035533e-01 +0.0000000000e+00 +0.0000000000e+00 +3.1840593263e+02 +2.6229045134e-03
+4.7934233904e+03 +2.1617116446e+04 +5.4553145888e-01 +0.0000000000e+00 +0.0000000000e+00 +3.1871711695e+02 +2.5584140391e-03
+4.8562826243e+03 +2.1613774662e+04 +6.8382177347e-01 +0.0000000000e+00 +0.0000000000e+00 +3.1903141312e+02 +2.4948880463e-03
+4.9197704505e+03 +2.1611120590e+04 +8.2349499121e-01 +0.0000000000e+00 +0.0000000000e+00 +3.1934885225e+02 +2.4323277642e-03
+4.9838931551e+03 +2.1609005836e+04 +9.6456494112e-01 +0.0000000000e+00 +0.0000000000e+00 +3.1966946578e+02 +2.3707340779e-03
+5.0486570866e+03 +2.1607315410e+04 +1.1070455905e+00 +0.0000000000e+00 +0.0000000000e+00 +3.1999328543e+02 +2.3101075273e-03
+5.1140686575e+03 +2.1605959918e+04 +1.2509510464e+00 +0.0000000000e+00 +0.0000000000e+00 +3.2032034329e+02 +2.2504483066e-03
+5.1801343440e+03 +2.1604869643e+04 +1.3962955569e+00 +0.0000000000e+00 +0.0000000000e+00 +3.2065067172e+02 +2.1917562632e-03
+5.2468606875e+03 +2.1603990043e+04 +1.5430935125e+00 +0.0000000000e+00 +0.0000000000e+00 +3.2098430344e+02 +2.1340308981e-03
+5.3142542944e+03 +2.1603278311e+04 +1.6913594476e+00 +0.0000000000e+00 +0.0000000000e+00 +3.2132127147e+02 +2.0772713655e-03
+5.3823218373e+03 +2.1602700744e+04 +1.8411080421e+00 +0.0000000000e+00 +0.0000000000e+00 +3.2166160919e+02 +2.0214764733e-03
+5.4510700557e+03 +2.1602230729e+04 +1.9923541225e+00 +0.0000000000e+00 +0.0000000000e+00 +3.2200535028e+02 +1.9666446838e-03
+5.5205057562e+03 +2.1601847182e+04 +2.1451126637e+00 +0.0000000000e+00 +0.0000000000e+00 +3.2235252878e+02 +1.9127741144e-03
+5.5906358138e+03 +2.1601533354e+04 +2.2993987904e+00 +0.0000000000e+00 +0.0000000000e+00 +3.2270317907e+02 +1.8598625389e-03
+5.6614671719e+03 +2.1601275898e+04 +2.4552277783e+00 +0.0000000000e+00 +0.0000000000e+00 +3.2305733586e+02 +1.8079073893e-03
+5.7330068437e+03 +2.1601064148e+04 +2.6126150560e+00 +0.0000000000e+00 +0.0000000000e+00 +3.2341503422e+02 +1.7569057571e-03
+5.8052619121e+03 +2.1600889553e+04 +2.7715762066e+00 +0.0000000000e+00 +0.0000000000e+00 +3.2377630956e+02 +1.7068543958e-03
+5.8782395312e+03 +2.1600745246e+04 +2.9321269687e+00 +0.0000000000e+00 +0.0000000000e+00 +3.2414119766e+02 +1.6577497231e-03
+5.9519469265e+03 +2.1600625689e+04 +3.0942832384e+00 +0.0000000000e+00 +0.0000000000e+00 +3.2450973463e+02 +1.6095878237e-03
+6.0263913958e+03 +2.1600526408e+04 +3.2580610707e+00 +0.0000000000e+00 +0.0000000000e+00 +3.2488195698e+02 +1.5623644524e-03
+6.1015803097e+03 +2.1600443779e+04 +3.4234766814e+00 +0.0000000000e+00 +0.0000000000e+00 +3.2525790155e+02 +1.5160750372e-03
+6.1775211128e+03 +2.1600374859e+04 +3.5905464483e+00 +0.0000000000e+00 +0.0000000000e+00 +3.2563760556e+02 +1.4707146830e-03
+6.2542213240e+03 +2.1600317251e+04 +3.7592869127e+00 +0.0000000000e+00 +0.0000000000e+00 +3.2602110662e+02 +1.4262781757e-03
+6.3316885372e+03 +2.1600268997e+04 +3.9297147819e+00 +0.0000000000e+00 +0.0000000000e+00 +3.2640844269e+02 +1.3827599862e-03
+6.4099304226e+03 +2.1600228497e+04 +4.1018469297e+00 +0.0000000000e+00 +0.0000000000e+00 +3.2679965211e+02 +1.3401542747e-03
+6.4889547268e+03 +2.1600194438e+04 +4.2757003990e+00 +0.0000000000e+00 +0.0000000000e+00 +3.2719477363e+02 +1.2984548959e-03
+6.5687692741e+03 +2.1600165740e+04 +4.4512924030e+00 +0.0000000000e+00 +0.0000000000e+00 +3.2759384637e+02 +1.2576554040e-03
+6.6493819668e+03 +2.1600141515e+04 +4.6286403270e+00 +0.0000000000e+00 +0.0000000000e+00 +3.2799690983e+02 +1.2177490578e-03
+6.7308007865e+03 +2.1600121027e+04 +4.8077617303e+00 +0.0000000000e+00 +0.0000000000e+00 +3.2840400393e+02 +1.1787288265e-03
+6.8130337944e+03 +2.1600103670e+04 +4.9886743476e+00 +0.0000000000e+00 +0.0000000000e+00 +3.2881516897e+02 +1.1405873956e-03
+6.8960891323e+03 +2.1600088939e+04 +5.1713960910e+00 +0.0000000000e+00 +0.0000000000e+00 +3.2923044566e+02 +1.1033171730e-03
+6.9799750236e+03 +2.1600076416e+04 +5.3559450520e+00 +0.0000000000e+00 +0.0000000000e+00 +3.2964987512e+02 +1.0669102957e-03

      z (m)          factor (-)         u (m s-1)         v (m s-1)         w (m s-1)          thl (K)        qt (kg kg-1)    
# 1.00000000E+07
+7.5000000000e+00 +7.5548240924e+06 -9.9835000000e+00 +0.0000000000e+00 +0.0000000000e+00 +2.9725000000e+02 +1.4250000000e-02
+2.2500000000e+01 +7.5261719898e+06 -9.9505000000e+00 +0.0000000000e+00 +0.0000000000e+00 +2.9725000000e+02 +1.4250000000e-02
+3.7650000000e+01 +7.4970634806e+06 -9.9171700000e+00 +0.0000000000e+00 +0.0000000000e+00 +2.9725000000e+02 +1.4250000000e-02
+5.2951500000e+01 +7.4674894005e+06 -9.8835067000e+00 +0.0000000000e+00 +0.0000000000e+00 +2.9725000000e+02 +1.4250000000e-02
+6.8406015000e+01 +7.4374403620e+06 -9.8495067670e+00 +0.0000000000e+00 +0.0000000000e+00 +2.9725000000e+02 +1.4250000000e-02
+8.4015075150e+01 +7.4069067488e+06 -9.8151668347e+00 +0.0000000000e+00 +0.0000000000e+00 +2.9725000000e+02 +1.4250000000e-02
+9.9780225902e+01 +7.3758787095e+06 -9.7804835030e+00 +0.0000000000e+00 +0.0000000000e+00 +2.9725000000e+02 +1.4250000000e-02
+1.1570302816e+02 +7.3443461514e+06 -9.7454533380e+00 +0.0000000000e+00 +0.0000000000e+00 +2.9725000000e+02 +1.4250000000e-02
+1.3178505844e+02 +7.3122987343e+06 -9.7100728714e+00 +0.0000000000e+00 +0.0000000000e+00 +2.9725000000e+02 +1.4250000000e-02
+1.4802790903e+02 +7.2797258644e+06 -9.6743386001e+00 +0.0000000000e+00 +0.0000000000e+00 +2.9725000000e+02 +1.4250000000e-02
+1.6443318812e+02 +7.2466166872e+06 -9.6382469861e+00 +0.0000000000e+00 +0.0000000000e+00 +2.9725000000e+02 +1.4250000000e-02
+1.8100252000e+02 +7.2129600817e+06 -9.6017944560e+00 +0.0000000000e+00 +0.0000000000e+00 +2.9725000000e+02 +1.4250000000e-02
+1.9773754520e+02 +7.1787446529e+06 -9.5649774006e+00 +0.0000000000e+00 +0.0000000000e+00 +2.9725000000e+02 +1.4250000000e-02
+2.1463992065e+02 +7.1439587256e+06 -9.5277921746e+00 +0.0000000000e+00 +0.0000000000e+00 +2.9725000000e+02 +1.4250000000e-02
+2.3171131986e+02 +7.1085903372e+06 -9.4902350963e+00 +0.0000000000e+00 +0.0000000000e+00 +2.9725000000e+02 +1.4250000000e-02
+2.4895343305e+02 +7.0726272310e+06 -9.4523024473e+00 +0.0000000000e+00 +0.0000000000e+00 +2.9725000000e+02 +1.4250000000e-02
+2.6636796739e+02 +7.0360568491e+06 -9.4139904718e+00 +0.0000000000e+00 +0.0000000000e+00 +2.9725000000e+02 +1.4250000000e-02
+2.8395664706e+02 +6.9988663253e+06 -9.3752953765e+00 +0.0000000000e+00 +0.0000000000e+00 +2.9725000000e+02 +1.4250000000e-02
+3.0172121353e+02 +6.9610424782e+06 -9.3362133302e+00 +0.0000000000e+00 +0.0000000000e+00 +2.9725000000e+02 +1.4250000000e-02
+3.1966342567e+02 +6.9225718043e+06 -9.2967404635e+00 +0.0000000000e+00 +0.0000000000e+00 +2.9725000000e+02 +1.4250000000e-02
+3.3778505992e+02 +6.8834404704e+06 -9.2568728682e+00 +0.0000000000e+00 +0.0000000000e+00 +2.9725000000e+02 +1.4250000000e-02
+3.5608791052e+02 +6.8436343075e+06 -9.2166065969e+00 +0.0000000000e+00 +0.0000000000e+00 +2.9725000000e+02 +1.4250000000e-02
+3.7457378963e+02 +6.8031388033e+06 -9.1759376628e+00 +0.0000000000e+00 +0.0000000000e+00 +2.9725000000e+02 +1.4250000000e-02
+3.9324452752e+02 +6.7619390957e+06 -9.1348620395e+00 +0.0000000000e+00 +0.0000000000e+00 +2.9725000000e+02 +1.4250000000e-02
+4.1210197280e+02 +6.7200199664e+06 -9.0933756598e+00 +0.0000000000e+00 +0.0000000000e+00 +2.9725000000e+02 +1.4250000000e-02
+4.3114799253e+02 +6.6773658342e+06 -9.0514744164e+00 +0.0000000000e+00 +0.0000000000e+00 +2.9725000000e+02 +1.4250000000e-02
+4.5038447245e+02 +6.6339607493e+06 -9.0091541606e+00 +0.0000000000e+00 +0.0000000000e+00 +2.9725000000e+02 +1.4250000000e-02
+4.6981331718e+02 +6.5897883873e+06 -8.9664107022e+00 +0.0000000000e+00 +0.0000000000e+00 +2.9725000000e+02 +1.4250000000e-02
+4.8943645035e+02 +6.5448320441e+06 -8.9232398092e+00 +0.0000000000e+00 +0.0000000000e+00 +2.9725000000e+02 +1.4250000000e-02
+5.0925581485e+02 +6.4990746307e+06 -8.8796372073e+00 +0.0000000000e+00 +0.0000000000e+00 +2.9729627907e+02 +1.4197339399e-02
+5.2927337300e+02 +6.4524986694e+06 -8.8355985794e+00 +0.0000000000e+00 +0.0000000000e+00 +2.9739636686e+02 +1.4084114873e-02
+5.4949110673e+02 +6.4050862897e+06 -8.7911195652e+00 +0.0000000000e+00 +0.0000000000e+00 +2.9749745553e+02 +1.3970674638e-02
+5.6991101780e+02 +6.3568192257e+06 -8.7461957608e+00 +0.0000000000e+00 +0.0000000000e+00 +2.9759955509e+02 +1.3857027430e-02
+5.9053512797e+02 +6.3076788141e+06 -8.7008227185e+00 +0.0000000000e+00 +0.0000000000e+00 +2.9770267564e+02 +1.3743182123e-02
+6.1136547925e+02 +6.2576459933e+06 -8.6549959456e+00 +0.0000000000e+00 +0.0000000000e+00 +2.9780682740e+02 +1.3629147733e-02
+6.3240413405e+02 +6.2067013036e+06 -8.6087109051e+00 +0.0000000000e+00 +0.0000000000e+00 +2.9791202067e+02 +1.3514933417e-02
+6.5365317539e+02 +6.1548248887e+06 -8.5619630141e+00 +0.0000000000e+00 +0.0000000000e+00 +2.9801826588e+02 +1.3400548468e-02
+6.7511470714e+02 +6.1019964991e+06 -8.5147476443e+00 +0.0000000000e+00 +0.0000000000e+00 +2.9812557354e+02 +1.3286002320e-02
+6.9679085421e+02 +6.0481954971e+06 -8.4670601207e+00 +0.0000000000e+00 +0.0000000000e+00 +2.9823395427e+02 +1.3171304544e-02
+7.1868376275e+02 +5.9934008633e+06 -8.4188957219e+00 +0.0000000000e+00 +0.0000000000e+00 +2.9834341881e+02 +1.3056464846e-02
+7.4079560038e+02 +5.9375912065e+06 -8.3702496792e+00 +0.0000000000e+00 +0.0000000000e+00 +2.9845397800e+02 +1.2941493071e-02
+7.6312855639e+02 +5.8807447748e+06 -8.3211171760e+00 +0.0000000000e+00 +0.0000000000e+00 +2.9856564278e+02 +1.2826399195e-02
+7.8568484195e+02 +5.8228394712e+06 -8.2714933477e+00 +0.0000000000e+00 +0.0000000000e+00 +2.9867842421e+02 +1.2711193331e-02
+8.0846669037e+02 +5.7638528708e+06 -8.2213732812e+00 +0.0000000000e+00 +0.0000000000e+00 +2.9879233345e+02 +1.2595885721e-02
+8.3147635727e+02 +5.7037622433e+06 -8.1707520140e+00 +0.0000000000e+00 +0.0000000000e+00 +2.9890738179e+02 +1.2480486740e-02
+8.5471612085e+02 +5.6425445785e+06 -8.1196245341e+00 +0.0000000000e+00 +0.0000000000e+00 +2.9902358060e+02 +1.2365006892e-02
+8.7818828205e+02 +5.5801766174e+06 -8.0679857795e+00 +0.0000000000e+00 +0.0000000000e+00 +2.9914094141e+02 +1.2249456809e-02
+9.0189516487e+02 +5.5166348879e+06 -8.0158306373e+00 +0.0000000000e+00 +0.0000000000e+00 +2.9925947582e+02 +1.2133847249e-02
+9.2583911652e+02 +5.4518957470e+06 -7.9631539436e+00 +0.0000000000e+00 +0.0000000000e+00 +2.9937919558e+02 +1.2018189095e-02
+9.5002250769e+02 +5.3859354293e+06 -7.9099504831e+00 +0.0000000000e+00 +0.0000000000e+00 +2.9950011254e+02 +1.1902493353e-02
+9.7444773277e+02 +5.3187301033e+06 -7.8562149879e+00 +0.0000000000e+00 +0.0000000000e+00 +2.9962223866e+02 +1.1786771150e-02
+9.9911721009e+02 +5.2502559359e+06 -7.8019421378e+00 +0.0000000000e+00 +0.0000000000e+00 +2.9974558605e+02 +1.1671033732e-02
+1.0240333822e+03 +5.1804891661e+06 -7.7471265592e+00 +0.0000000000e+00 +0.0000000000e+00 +2.9987016691e+02 +1.1555292462e-02
+1.0491987160e+03 +5.1094061899e+06 -7.6917628248e+00 +0.0000000000e+00 +0.0000000000e+00 +2.9999599358e+02 +1.1439558818e-02
+1.0746157032e+03 +5.0369836559e+06 -7.6358454530e+00 +0.0000000000e+00 +0.0000000000e+00 +3.0012307852e+02 +1.1323844389e-02
+1.1002868602e+03 +4.9631985747e+06 -7.5793689075e+00 +0.0000000000e+00 +0.0000000000e+00 +3.0025143430e+02 +1.1208160876e-02
+1.1262147288e+03 +4.8880284428e+06 -7.5223275966e+00 +0.0000000000e+00 +0.0000000000e+00 +3.0038107364e+02 +1.1092520088e-02
+1.1524018761e+03 +4.8114513821e+06 -7.4647158726e+00 +0.0000000000e+00 +0.0000000000e+00 +3.0051200938e+02 +1.0976933936e-02
+1.1788508949e+03 +4.7334462985e+06 -7.4065280313e+00 +0.0000000000e+00 +0.0000000000e+00 +3.0064425447e+02 +1.0861414436e-02
+1.2055644038e+03 +4.6539930594e+06 -7.3477583116e+00 +0.0000000000e+00 +0.0000000000e+00 +3.0077782202e+02 +1.0745973703e-02
+1.2325450478e+03 +4.5730726942e+06 -7.2884008947e+00 +0.0000000000e+00 +0.0000000000e+00 +3.0091272524e+02 +1.0630623949e-02
+1.2597954983e+03 +4.4906676192e+06 -7.2284499037e+00 +0.0000000000e+00 +0.0000000000e+00 +3.0104897749e+02 +1.0515377477e-02
+1.2873184533e+03 +4.4067618897e+06 -7.1678994027e+00 +0.0000000000e+00 +0.0000000000e+00 +3.0118659227e+02 +1.0400246683e-02
+1.3151166378e+03 +4.3213414822e+06 -7.1067433967e+00 +0.0000000000e+00 +0.0000000000e+00 +3.0132558319e+02 +1.0285244050e-02
+1.3431928042e+03 +4.2343946099e+06 -7.0449758307e+00 +0.0000000000e+00 +0.0000000000e+00 +3.0146596402e+02 +1.0170382145e-02
+1.3715497323e+03 +4.1459120746e+06 -6.9825905890e+00 +0.0000000000e+00 +0.0000000000e+00 +3.0160774866e+02 +1.0055673613e-02
+1.4001902296e+03 +4.0558876582e+06 -6.9195814949e+00 +0.0000000000e+00 +0.0000000000e+00 +3.0175095115e+02 +9.9411311788e-03
+1.4291171319e+03 +3.9643185591e+06 -6.8559423099e+00 +0.0000000000e+00 +0.0000000000e+00 +3.0189558566e+02 +9.8267676392e-03
+1.4583333032e+03 +3.8712058743e+06 -6.7916667330e+00 +0.0000000000e+00 +0.0000000000e+00 +3.0204166652e+02 +9.7125958603e-03
+1.4878416362e+03 +3.7765551354e+06 -6.7267484003e+00 +0.0000000000e+00 +0.0000000000e+00 +3.0218920818e+02 +9.5986287739e-03
+1.5176450526e+03 +3.6803768984e+06 -6.6611808843e+00 +0.0000000000e+00 +0.0000000000e+00 +3.0233822526e+02 +9.4848793733e-03
+1.5477465031e+03 +3.5826873951e+06 -6.5949576931e+00 +0.0000000000e+00 +0.0000000000e+00 +3.0248873252e+02 +9.3713607092e-03
+1.5781489682e+03 +3.4835092468e+06 -6.5280722701e+00 +0.0000000000e+00 +0.0000000000e+00 +3.0264074484e+02 +9.2580858854e-03
+1.6088554578e+03 +3.3828722471e+06 -6.4605179928e+00 +0.0000000000e+00 +0.0000000000e+00 +3.0279427729e+02 +9.1450680550e-03
+1.6398690124e+03 +3.2808142140e+06 -6.3922881727e+00 +0.0000000000e+00 +0.0000000000e+00 +3.0294934506e+02 +9.0323204150e-03
+1.6711927025e+03 +3.1773819162e+06 -6.3233760544e+00 +0.0000000000e+00 +0.0000000000e+00 +3.0310596351e+02 +8.9198562028e-03
+1.7028296296e+03 +3.0726320725e+06 -6.2537748150e+00 +0.0000000000e+00 +0.0000000000e+00 +3.0326414815e+02 +8.8076886909e-03
+1.7347829259e+03 +2.9666324262e+06 -6.1834775631e+00 +0.0000000000e+00 +0.0000000000e+00 +3.0342391463e+02 +8.6958311823e-03
+1.7670557551e+03 +2.8594628898e+06 -6.1124773388e+00 +0.0000000000e+00 +0.0000000000e+00 +3.0358527878e+02 +8.5842970059e-03
+1.7996513127e+03 +2.7512167559e+06 -6.0407671121e+00 +0.0000000000e+00 +0.0000000000e+00 +3.0374825656e+02 +8.4730995112e-03
+1.8325728258e+03 +2.6420019648e+06 -5.9683397833e+00 +0.0000000000e+00 +0.0000000000e+00 +3.0391286413e+02 +8.3622520634e-03
+1.8658235540e+03 +2.5319424152e+06 -5.8951881811e+00 +0.0000000000e+00 +0.0000000000e+00 +3.0407911777e+02 +8.2517680386e-03
+1.8994067896e+03 +2.4211792973e+06 -5.8213050629e+00 +0.0000000000e+00 +0.0000000000e+00 +3.0424703395e+02 +8.1416608178e-03
+1.9333258575e+03 +2.3098724235e+06 -5.7466831135e+00 +0.0000000000e+00 +0.0000000000e+00 +3.0441662929e+02 +8.0319437824e-03
+1.9675841161e+03 +2.1982015193e+06 -5.6713149447e+00 +0.0000000000e+00 +0.0000000000e+00 +3.0458792058e+02 +7.9226303080e-03
+2.0021849572e+03 +2.0863674285e+06 -5.5951930941e+00 +0.0000000000e+00 +0.0000000000e+00 +3.0476092479e+02 +7.8137337596e-03
+2.0371318068e+03 +1.9745931771e+06 -5.5183100251e+00 +0.0000000000e+00 +0.0000000000e+00 +3.0493565903e+02 +7.7052674855e-03
+2.0724281249e+03 +1.8631248206e+06 -5.4406581253e+00 +0.0000000000e+00 +0.0000000000e+00 +3.0511214062e+02 +7.5972448116e-03
+2.1080774061e+03 +1.7522319914e+06 -5.3622297066e+00 +0.0000000000e+00 +0.0000000000e+00 +3.0529038703e+02 +7.4896790360e-03
+2.1440831802e+03 +1.6422080418e+06 -5.2830170036e+00 +0.0000000000e+00 +0.0000000000e+00 +3.0547041590e+02 +7.3825834228e-03
+2.1804490120e+03 +1.5333696642e+06 -5.2030121737e+00 +0.0000000000e+00 +0.0000000000e+00 +3.0565224506e+02 +7.2759711963e-03
+2.2171785021e+03 +1.4260558563e+06 -5.1222072954e+00 +0.0000000000e+00 +0.0000000000e+00 +3.0583589251e+02 +7.1698555350e-03
+2.2542752871e+03 +1.3206260852e+06 -5.0405943684e+00 +0.0000000000e+00 +0.0000000000e+00 +3.0602137644e+02 +7.0642495654e-03
+2.2917430400e+03 +1.2174575024e+06 -4.9581653120e+00 +0.0000000000e+00 +0.0000000000e+00 +3.0620871520e+02 +6.9591663559e-03
+2.3295854704e+03 +1.1169410619e+06 -4.8749119652e+00 +0.0000000000e+00 +0.0000000000e+00 +3.0639792735e+02 +6.8546189106e-03
+2.3678063251e+03 +1.0194764143e+06 -4.7908260848e+00 +0.0000000000e+00 +0.0000000000e+00 +3.0658903163e+02 +6.7506201631e-03
+2.4064093883e+03 +9.2546548350e+05 -4.7058993457e+00 +0.0000000000e+00 +0.0000000000e+00 +3.0678204694e+02 +6.6471829700e-03
+2.4453984822e+03 +8.3530468986e+05 -4.6201233391e+00 +0.0000000000e+00 +0.0000000000e+00 +3.0697699241e+02 +6.5443201045e-03
+2.4847774670e+03 +7.4937586989e+05 -4.5334895725e+00 +0.0000000000e+00 +0.0000000000e+00 +3.0717388734e+02 +6.4420442502e-03
+2.5245502417e+03 +6.6803605157e+05 -4.4459894682e+00 +0.0000000000e+00 +0.0000000000e+00 +3.0737275121e+02 +6.3403679943e-03
+2.5647207441e+03 +5.9160638360e+05 -4.3576143629e+00 +0.0000000000e+00 +0.0000000000e+00 +3.0757360372e+02 +6.2393038213e-03
+2.6052929516e+03 +5.2036067102e+05 -4.2683555065e+00 +0.0000000000e+00 +0.0000000000e+00 +3.0777646476e+02 +6.1388641064e-03
+2.6462708811e+03 +4.5451412977e+05 -4.1782040616e+00 +0.0000000000e+00 +0.0000000000e+00 +3.0798135441e+02 +6.0390611087e-03
+2.6876585899e+03 +3.9421311388e+05 -4.0871511022e+00 +0.0000000000e+00 +0.0000000000e+00 +3.0818829295e+02 +5.9399069648e-03
+2.7294601758e+03 +3.3952666489e+05 -3.9951876132e+00 +0.0000000000e+00 +0.0000000000e+00 +3.0839730088e+02 +5.8414136821e-03
+2.7716797776e+03 +2.9044075135e+05 -3.9023044894e+00 +0.0000000000e+00 +0.0000000000e+00 +3.0860839889e+02 +5.7435931321e-03
+2.8143215753e+03 +2.4685597977e+05 -3.8084925343e+00 +0.0000000000e+00 +0.0000000000e+00 +3.0882160788e+02 +5.6464570438e-03
+2.8573897911e+03 +2.0858934910e+05 -3.7137424596e+00 +0.0000000000e+00 +0.0000000000e+00 +3.0903694896e+02 +5.5500169970e-03
+2.9008886890e+03 +1.7538029359e+05 -3.6180448842e+00 +0.0000000000e+00 +0.0000000000e+00 +3.0925444344e+02 +5.4542844155e-03
+2.9448225759e+03 +1.4690084215e+05 -3.5213903330e+00 +0.0000000000e+00 +0.0000000000e+00 +3.0947411288e+02 +5.3592705605e-03
+2.9891958016e+03 +1.2276927357e+05 -3.4237692364e+00 +0.0000000000e+00 +0.0000000000e+00 +3.0969597901e+02 +5.2649865241e-03
+3.0340127597e+03 +1.0256624043e+05 -3.3251719287e+00 +0.0000000000e+00 +0.0000000000e+00 +3.0992006380e+02 +5.1714432225e-03
+3.0792778873e+03 +8.5852047914e+04 -3.2255886480e+00 +0.0000000000e+00 +0.0000000000e+00 +3.1014638944e+02 +5.0786513894e-03
+3.1249956661e+03 +7.2183666968e+04 -3.1250095345e+00 +0.0000000000e+00 +0.0000000000e+00 +3.1037497833e+02 +4.9866215694e-03
+3.1711706228e+03 +6.1130156329e+04 -3.0234246299e+00 +0.0000000000e+00 +0.0000000000e+00 +3.1060585311e+02 +4.8953641115e-03
+3.2178073290e+03 +5.2285446164e+04 -2.9208238762e+00 +0.0000000000e+00 +0.0000000000e+00 +3.1083903665e+02 +4.8048891628e-03
+3.2649104023e+03 +4.5277835640e+04 -2.8171971149e+00 +0.0000000000e+00 +0.0000000000e+00 +3.1107455201e+02 +4.7152066616e-03
+3.3124845063e+03 +3.9775996973e+04 -2.7125340861e+00 +0.0000000000e+00 +0.0000000000e+00 +3.1131242253e+02 +4.6263263313e-03
+3.3605343514e+03 +3.5491677758e+04 -2.6068244269e+00 +0.0000000000e+00 +0.0000000000e+00 +3.1155267176e+02 +4.5382576740e-03
+3.4090646949e+03 +3.2179591781e+04 -2.5000576712e+00 +0.0000000000e+00 +0.0000000000e+00 +3.1179532347e+02 +4.4510099645e-03
+3.4580803419e+03 +2.9635157990e+04 -2.3922232479e+00 +0.0000000000e+00 +0.0000000000e+00 +3.1204040171e+02 +4.3645922437e-03
+3.5075861453e+03 +2.7690791484e+04 -2.2833104804e+00 +0.0000000000e+00 +0.0000000000e+00 +3.1228793073e+02 +4.2790133127e-03
+3.5575870067e+03 +2.6211395935e+04 -2.1733085852e+00 +0.0000000000e+00 +0.0000000000e+00 +3.1253793503e+02 +4.1942817269e-03
+3.6080878768e+03 +2.5089590926e+04 -2.0622066710e+00 +0.0000000000e+00 +0.0000000000e+00 +3.1279043938e+02 +4.1104057900e-03
+3.6590937556e+03 +2.4241066580e+04 -1.9499937378e+00 +0.0000000000e+00 +0.0000000000e+00 +3.1304546878e+02 +4.0273935482e-03
+3.7106096931e+03 +2.3600319881e+04 -1.8366586751e+00 +0.0000000000e+00 +0.0000000000e+00 +3.1330304847e+02 +3.9452527846e-03
+3.7626407901e+03 +2.3116909737e+04 -1.7221902619e+00 +0.0000000000e+00 +0.0000000000e+00 +3.1356320395e+02 +3.8639910137e-03
+3.8151921980e+03 +2.2752278749e+04 -1.6065771645e+00 +0.0000000000e+00 +0.0000000000e+00 +3.1382596099e+02 +3.7836154756e-03
+3.8682691199e+03 +2.2477128967e+04 -1.4898079361e+00 +0.0000000000e+00 +0.0000000000e+00 +3.1409134560e+02 +3.7041331314e-03
+3.9218768111e+03 +2.2269302704e+04 -1.3718710155e+00 +0.0000000000e+00 +0.0000000000e+00 +3.1435938406e+02 +3.6255506574e-03
+3.9760205792e+03 +2.2112101884e+04 -1.2527547257e+00 +0.0000000000e+00 +0.0000000000e+00 +3.1463010290e+02 +3.5478744405e-03
+4.0307057850e+03 +2.1992974666e+04 -1.1324472729e+00 +0.0000000000e+00 +0.0000000000e+00 +3.1490352893e+02 +3.4711105733e-03
+4.0859378429e+03 +2.1902501261e+04 -1.0109367456e+00 +0.0000000000e+00 +0.0000000000e+00 +3.1517968921e+02 +3.3952648494e-03
+4.1417222213e+03 +2.1833618268e+04 -8.8821111310e-01 +0.0000000000e+00 +0.0000000000e+00 +3.1545861111e+02 +3.3203427588e-03
+4.1980644435e+03 +2.1781029934e+04 -7.6425822423e-01 +0.0000000000e+00 +0.0000000000e+00 +3.1574032222e+02 +3.2463494839e-03
+4.2549700880e+03 +2.1740763941e+04 -6.3906580648e-01 +0.0000000000e+00 +0.0000000000e+00 +3.1602485044e+02 +3.1732898951e-03
+4.3124447888e+03 +2.1709837734e+04 -5.1262146454e-01 +0.0000000000e+00 +0.0000000000e+00 +3.1631222394e+02 +3.1011685472e-03
+4.3704942367e+03 +2.1686008708e+04 -3.8491267919e-01 +0.0000000000e+00 +0.0000000000e+00 +3.1660247118e+02 +3.0299896753e-03
+4.4291241791e+03 +2.1667587594e+04 -2.5592680598e-01 +0.0000000000e+00 +0.0000000000e+00 +3.1689562090e+02 +2.9597571915e-03
+4.4883404209e+03 +2.1653299238e+04 -1.2565107404e-01 +0.0000000000e+00 +0.0000000000e+00 +3.1719170210e+02 +2.8904746817e-03
+4.5481488251e+03 +2.1642178790e+04 +5.9274152208e-03 +0.0000000000e+00 +0.0000000000e+00 +3.1749074413e+02 +2.8221454023e-03
+4.6085553134e+03 +2.1633494307e+04 +1.3882168937e-01 +0.0000000000e+00 +0.0000000000e+00 +3.1779277657e+02 +2.7547722777e-03
+4.6695658665e+03 +2.1626688992e+04 +2.7304490627e-01 +0.0000000000e+00 +0.0000000000e+00 +3.1809782933e+02 +2.6883578973e-03
+4.7311865251e+03 +2.1621338056e+04 +4.0861035533e-01 +0.0000000000e+00 +0.0000000000e+00 +3.1840593263e+02 +2.6229045134e-03
+4.7934233904e+03 +2.1617116446e+04 +5.4553145888e-01 +0.0000000000e+00 +0.0000000000e+00 +3.1871711695e+02 +2.5584140391e-03
+4.8562826243e+03 +2.1613774662e+04 +6.8382177347e-01 +0.0000000000e+00 +0.0000000000e+00 +3.1903141312e+02 +2.4948880463e-03
+4.9197704505e+03 +2.1611120590e+04 +8.2349499121e-01 +0.0000000000e+00 +0.0000000000e+00 +3.1934885225e+02 +2.4323277642e-03
+4.9838931551e+03 +2.1609005836e+04 +9.6456494112e-01 +0.0000000000e+00 +0.0000000000e+00 +3.1966946578e+02 +2.3707340779e-03
+5.0486570866e+03 +2.1607315410e+04 +1.1070455905e+00 +0.0000000000e+00 +0.0000000000e+00 +3.1999328543e+02 +2.3101075273e-03
+5.1140686575e+03 +2.1605959918e+04 +1.2509510464e+00 +0.0000000000e+00 +0.0000000000e+00 +3.2032034329e+02 +2.2504483066e-03
+5.1801343440e+03 +2.1604869643e+04 +1.3962955569e+00 +0.0000000000e+00 +0.0000000000e+00 +3.2065067172e+02 +2.1917562632e-03
+5.2468606875e+03 +2.1603990043e+04 +1.5430935125e+00 +0.0000000000e+00 +0.0000000000e+00 +3.2098430344e+02 +2.1340308981e-03
+5.3142542944e+03 +2.1603278311e+04 +1.6913594476e+00 +0.0000000000e+00 +0.0000000000e+00 +3.2132127147e+02 +2.0772713655e-03
+5.3823218373e+03 +2.1602700744e+04 +1.8411080421e+00 +0.0000000000e+00 +0.0000000000e+00 +3.2166160919e+02 +2.0214764733e-03
+5.4510700557e+03 +2.1602230729e+04 +1.9923541225e+00 +0.0000000000e+00 +0.0000000000e+00 +3.2200535028e+02 +1.9666446838e-03
+5.5205057562e+03 +2.1601847182e+04 +2.1451126637e+00 +0.0000000000e+00 +0.0000000000e+00 +3.2235252878e+02 +1.9127741144e-03
+5.5906358138e+03 +2.1601533354e+04 +2.2993987904e+00 +0.0000000000e+00 +0.0000000000e+00 +3.2270317907e+02 +1.8598625389e-03
+5.6614671719e+03 +2.1601275898e+04 +2.4552277783e+00 +0.0000000000e+00 +0.0000000000e+00 +3.2305733586e+02 +1.8079073893e-03
+5.7330068437e+03 +2.1601064148e+04 +2.6126150560e+00 +0.0000000000e+00 +0.0000000000e+00 +3.2341503422e+02 +1.7569057571e-03
+5.8052619121e+03 +2.1600889553e+04 +2.7715762066e+00 +0.0000000000e+00 +0.0000000000e+00 +3.2377630956e+02 +1.7068543958e-03
+5.8782395312e+03 +2.1600745246e+04 +2.9321269687e+00 +0.0000000000e+00 +0.0000000000e+00 +3.2414119766e+02 +1.6577497231e-03
+5.9519469265e+03 +2.1600625689e+04 +3.0942832384e+00 +0.0000000000e+00 +0.0000000000e+00 +3.2450973463e+02 +1.6095878237e-03
+6.0263913958e+03 +2.1600526408e+04 +3.2580610707e+00 +0.0000000000e+00 +0.0000000000e+00 +3.2488195698e+02 +1.5623644524e-03
+6.1015803097e+03 +2.1600443779e+04 +3.4234766814e+00 +0.0000000000e+00 +0.0000000000e+00 +3.2525790155e+02 +1.5160750372e-03
+6.1775211128e+03 +2.1600374859e+04 +3.5905464483e+00 +0.0000000000e+00 +0.0000000000e+00 +3.2563760556e+02 +1.4707146830e-03
+6.2542213240e+03 +2.1600317251e+04 +3.7592869127e+00 +0.0000000000e+00 +0.0000000000e+00 +3.2602110662e+02 +1.4262781757e-03
+6.3316885372e+03 +2.1600268997e+04 +3.9297147819e+00 +0.0000000000e+00 +0.0000000000e+00 +3.2640844269e+02 +1.3827599862e-03
+6.4099304226e+03 +2.1600228497e+04 +4.1018469297e+00 +0.0000000000e+00 +0.0000000000e+00 +3.2679965211e+02 +1.3401542747e-03
+6.4889547268e+03 +2.1600194438e+04 +4.2757003990e+00 +0.0000000000e+00 +0.0000000000e+00 +3.2719477363e+02 +1.2984548959e-03
+6.5687692741e+03 +2.1600165740e+04 +4.4512924030e+00 +0.0000000000e+00 +0.0000000000e+00 +3.2759384637e+02 +1.2576554040e-03
+6.6493819668e+03 +2.1600141515e+04 +4.6286403270e+00 +0.0000000000e+00 +0.0000000000e+00 +3.2799690983e+02 +1.2177490578e-03
+6.7308007865e+03 +2.1600121027e+04 +4.8077617303e+00 +0.0000000000e+00 +0.0000000000e+00 +3.2840400393e+02 +1.1787288265e-03
+6.8130337944e+03 +2.1600103670e+04 +4.9886743476e+00 +0.0000000000e+00 +0.0000000000e+00 +3.2881516897e+02 +1.1405873956e-03
+6.8960891323e+03 +2.1600088939e+04 +5.1713960910e+00 +0.0000000000e+00 +0.0000000000e+00 +3.2923044566e+02 +1.1033171730e-03
+6.9799750236e+03 +2.1600076416e+04 +5.3559450520e+00 +0.0000000000e+00 +0.0000000000e+00 +3.2964987512e+02 +1.0669102957e-03
