# 
#     height         th_l          q_t            u            v          TKE
         7.5       297.25      0.01425     -11.9835            0     0.998125
        22.5       297.25      0.01425     -11.9505            0     0.994375
       37.65       297.25      0.01425     -11.9172            0     0.990588
     52.9515       297.25      0.01425     -11.8835            0     0.986762
      68.406       297.25      0.01425     -11.8495            0     0.982898
     84.0151       297.25      0.01425     -11.8152            0     0.978996
     99.7802       297.25      0.01425     -11.7805            0     0.975055
     115.703       297.25      0.01425     -11.7455            0     0.971074
     131.785       297.25      0.01425     -11.7101            0     0.967054
     148.028       297.25      0.01425     -11.6743            0     0.962993
     164.433       297.25      0.01425     -11.6382            0     0.958892
     181.003       297.25      0.01425     -11.6018            0     0.954749
     197.738       297.25      0.01425      -11.565            0     0.950566
      214.64       297.25      0.01425     -11.5278            0      0.94634
     231.711       297.25      0.01425     -11.4902            0     0.942072
     248.953       297.25      0.01425     -11.4523            0     0.937762
     266.368       297.25      0.01425      -11.414            0     0.933408
     283.957       297.25      0.01425     -11.3753            0     0.929011
     301.721       297.25      0.01425     -11.3362            0      0.92457
     319.663       297.25      0.01425     -11.2967            0     0.920084
     337.785       297.25      0.01425     -11.2569            0     0.915554
     356.088       297.25      0.01425     -11.2166            0     0.910978
     374.574       297.25      0.01425     -11.1759            0     0.906357
     393.245       297.25      0.01425     -11.1349            0     0.901689
     412.102       297.25      0.01425     -11.0934            0     0.896975
     431.148       297.25      0.01425     -11.0515            0     0.892213
     450.384       297.25      0.01425     -11.0092            0     0.887404
     469.813       297.25      0.01425     -10.9664            0     0.882547
     489.436       297.25      0.01425     -10.9232            0     0.877641
     509.256      297.296    0.0141789     -10.8796            0     0.872686
     529.273      297.396    0.0140263     -10.8356            0     0.867682
     549.491      297.497    0.0138738     -10.7911            0     0.862627
     569.911        297.6    0.0137215     -10.7462            0     0.857522
     590.535      297.703    0.0135694     -10.7008            0     0.852366
     611.365      297.807    0.0134175      -10.655            0     0.847159
     632.404      297.912    0.0132658     -10.6087            0     0.841899
     653.653      298.018    0.0131143      -10.562            0     0.836587
     675.115      298.126     0.012963     -10.5147            0     0.831221
     696.791      298.234     0.012812     -10.4671            0     0.825802
     718.684      298.343    0.0126613     -10.4189            0     0.820329
     740.796      298.454    0.0125109     -10.3702            0     0.814801
     763.129      298.566    0.0123607     -10.3211            0     0.809218
     785.685      298.678    0.0122109     -10.2715            0     0.803579
     808.467      298.792    0.0120615     -10.2214            0     0.797883
     831.476      298.907    0.0119124     -10.1708            0     0.792131
     854.716      299.024    0.0117637     -10.1196            0     0.786321
     878.188      299.141    0.0116154      -10.068            0     0.780453
     901.895      299.259    0.0114675     -10.0158            0     0.774526
     925.839      299.379      0.01132     -9.96315            0      0.76854
     950.023        299.5     0.011173     -9.90995            0     0.762494
     974.448      299.622    0.0110265     -9.85621            0     0.756388
     999.117      299.746    0.0108804     -9.80194            0     0.750221
     1024.03       299.87    0.0107349     -9.74713            0     0.743992
      1049.2      299.996    0.0105898     -9.69176            0       0.7377
     1074.62      300.123    0.0104453     -9.63585            0     0.731346
     1100.29      300.251    0.0103014     -9.57937            0     0.724928
     1126.21      300.381     0.010158     -9.52233            0     0.718446
      1152.4      300.512    0.0100152     -9.46472            0       0.7119
     1178.85      300.644   0.00987307     -9.40653            0     0.705287
     1205.56      300.778   0.00973153     -9.34776            0     0.698609
     1232.55      300.913   0.00959063      -9.2884            0     0.691864
      1259.8      301.049    0.0094504     -9.22845            0     0.685051
     1287.32      301.187   0.00931084      -9.1679            0      0.67817
     1315.12      301.326   0.00917198     -9.10674            0     0.671221
     1343.19      301.466   0.00903384     -9.04498            0     0.664202
     1371.55      301.608   0.00889642     -8.98259            0     0.657113
     1400.19      301.751   0.00875975     -8.91958            0     0.649952
     1429.12      301.896   0.00862385     -8.85594            0     0.642721
     1458.33      302.042   0.00848873     -8.79167            0     0.635417
     1487.84      302.189    0.0083544     -8.72675            0      0.62804
     1517.65      302.338   0.00822089     -8.66118            0     0.620589
     1547.75      302.489   0.00808821     -8.59496            0     0.613063
     1578.15      302.641   0.00795638     -8.52807            0     0.605463
     1608.86      302.794   0.00782541     -8.46052            0     0.597786
     1639.87      302.949   0.00769531     -8.39229            0     0.590033
     1671.19      303.106   0.00756612     -8.32338            0     0.582202
     1702.83      303.264   0.00743783     -8.25377            0     0.574293
     1734.78      303.424   0.00731046     -8.18348            0     0.566304
     1767.06      303.585   0.00718404     -8.11248            0     0.558236
     1799.65      303.748   0.00705857     -8.04077            0     0.550087
     1832.57      303.913   0.00693407     -7.96834            0     0.541857
     1865.82      304.079   0.00681056     -7.89519            0     0.533544
     1899.41      304.247   0.00668804     -7.82131            0     0.525148
     1933.33      304.417   0.00656653     -7.74668            0     0.516669
     1967.58      304.588   0.00644605     -7.67131            0     0.508104
     2002.18      304.761   0.00632661     -7.59519            0     0.499454
     2037.13      304.936   0.00620822     -7.51831            0     0.490717
     2072.43      305.112    0.0060909     -7.44066            0     0.481893
     2108.08       305.29   0.00597465     -7.36223            0     0.472981
     2144.08       305.47   0.00585949     -7.28302            0     0.463979
     2180.45      305.652   0.00574544     -7.20301            0     0.454888
     2217.18      305.836   0.00563249     -7.12221            0     0.445705
     2254.28      306.021   0.00552067     -7.04059            0     0.436431
     2291.74      306.209   0.00540999     -6.95817            0     0.427064
     2329.59      306.398   0.00530045     -6.87491            0     0.417604
     2367.81      306.589   0.00519207     -6.79083            0     0.408048
     2406.41      306.782   0.00508485      -6.7059            0     0.398398
      2445.4      306.977   0.00497881     -6.62012            0      0.38865
     2484.78      307.174   0.00487395     -6.53349            0     0.378806
     2524.55      307.373   0.00477028     -6.44599            0     0.368862
     2564.72      307.574   0.00466782     -6.35761            0      0.35882
     2605.29      307.776   0.00456656     -6.26836            0     0.348677
     2646.27      307.981   0.00446652      -6.1782            0     0.338432
     2687.66      308.188   0.00436771     -6.08715            0     0.328085
     2729.46      308.397   0.00427013     -5.99519            0     0.317635
     2771.68      308.608   0.00417378      -5.9023            0      0.30708
     2814.32      308.822   0.00407868     -5.80849            0      0.29642
     2857.39      309.037   0.00398482     -5.71374            0     0.285653
     2900.89      309.254   0.00389222     -5.61804            0     0.274778
     2944.82      309.474   0.00380087     -5.52139            0     0.263794
      2989.2      309.696   0.00371079     -5.42377            0     0.252701
     3034.01       309.92   0.00362198     -5.32517            0     0.241497
     3079.28      310.146   0.00353443     -5.22559            0     0.230181
        3125      310.375   0.00344816     -5.12501            0     0.218751
     3171.17      310.606   0.00336316     -5.02342            0     0.207207
     3217.81      310.839   0.00327944     -4.92082            0     0.195548
     3264.91      311.075   0.00319699      -4.8172            0     0.183772
     3312.48      311.312   0.00311583     -4.71253            0     0.171879
     3360.53      311.553   0.00303594     -4.60682            0     0.159866
     3409.06      311.795   0.00295734     -4.50006            0     0.147734
     3458.08       312.04   0.00288001     -4.39222            0      0.13548
     3507.59      312.288   0.00280397     -4.28331            0     0.123103
     3557.59      312.538    0.0027292     -4.17331            0     0.110603
     3608.09       312.79    0.0026557     -4.06221            0     0.097978
     3659.09      313.045   0.00258348     -3.94999            0    0.0852266
     3710.61      313.303   0.00251254     -3.83666            0    0.0723476
     3762.64      313.563   0.00244285     -3.72219            0    0.0593398
     3815.19      313.826   0.00237444     -3.60658            0     0.046202
     3868.27      314.091   0.00230728     -3.48981            0    0.0329327
     3921.88      314.359   0.00224138     -3.37187            0    0.0195308
     3976.02       314.63   0.00217674     -3.25275            0   0.00599487
     4030.71      314.904   0.00211334     -3.13245            0        1e-08
     4085.94       315.18   0.00205117     -3.01094            0        1e-08
     4141.72      315.459   0.00199025     -2.88821            0        1e-08
     4198.06       315.74   0.00193055     -2.76426            0        1e-08
     4254.97      316.025   0.00187207     -2.63907            0        1e-08
     4312.44      316.312    0.0018148     -2.51262            0        1e-08
     4370.49      316.602   0.00175874     -2.38491            0        1e-08
     4429.12      316.896   0.00170388     -2.25593            0        1e-08
     4488.34      317.192    0.0016502     -2.12565            0        1e-08
     4548.15      317.491   0.00159771     -1.99407            0        1e-08
     4608.56      317.793   0.00154638     -1.86118            0        1e-08
     4669.57      318.098   0.00149621     -1.72696            0        1e-08
     4731.19      318.406    0.0014472     -1.59139            0        1e-08
     4793.42      318.717   0.00139932     -1.45447            0        1e-08
     4856.28      319.031   0.00135257     -1.31618            0        1e-08
     4919.77      319.349   0.00130694     -1.17651            0        1e-08
     4983.89      319.669   0.00126242     -1.03544            0        1e-08
     5048.66      319.993   0.00121899    -0.892954            0        1e-08
     5114.07       320.32   0.00117664    -0.749049            0        1e-08
     5180.13      320.651   0.00113537    -0.603704            0        1e-08
     5246.86      320.984   0.00109514    -0.456906            0        1e-08
     5314.25      321.321   0.00105597    -0.308641            0        1e-08
     5382.32      321.662   0.00101782    -0.158892            0        1e-08
     5451.07      322.005  0.000980692  -0.00764588            0        1e-08
     5520.51      322.353  0.000944566     0.145113            0        1e-08
     5590.64      322.703  0.000909429     0.299399            0        1e-08
     5661.47      323.057  0.000875268     0.455228            0        1e-08
     5733.01      323.415  0.000842067     0.612615            0        1e-08
     5805.26      323.776  0.000809813     0.771576            0        1e-08
     5878.24      324.141   0.00077849     0.932127            0        1e-08
     5951.95       324.51  0.000748083      1.09428            0        1e-08
     6026.39      324.882  0.000718578      1.25806            0        1e-08
     6101.58      325.258  0.000689958      1.42348            0        1e-08
     6177.52      325.638  0.000662209      1.59055            0        1e-08
     6254.22      326.021  0.000635316      1.75929            0        1e-08
     6331.69      326.408  0.000609262      1.92971            0        1e-08
     6409.93        326.8  0.000584032      2.10185            0        1e-08
     6488.95      327.195   0.00055961       2.2757            0        1e-08
     6568.77      327.594   0.00053598      2.45129            0        1e-08
     6649.38      327.997  0.000513126      2.62864            0        1e-08
      6730.8      328.404  0.000491033      2.80776            0        1e-08
     6813.03      328.815  0.000469685      2.98867            0        1e-08
     6896.09       329.23  0.000449065       3.1714            0        1e-08
     6979.98       329.65  0.000429157      3.35595            0        1e-08
