# 
#     height         th_l          q_t            u            v          TKE
         7.5       298.25       0.0135      -4.9835            0     0.998125
        22.5       298.25       0.0135      -4.9505            0     0.994375
       37.65       298.25       0.0135     -4.91717            0     0.990588
     52.9515       298.25       0.0135     -4.88351            0     0.986762
      68.406       298.25       0.0135     -4.84951            0     0.982898
     84.0151       298.25       0.0135     -4.81517            0     0.978996
     99.7802       298.25       0.0135     -4.78048            0     0.975055
     115.703       298.25       0.0135     -4.74545            0     0.971074
     131.785       298.25       0.0135     -4.71007            0     0.967054
     148.028       298.25       0.0135     -4.67434            0     0.962993
     164.433       298.25       0.0135     -4.63825            0     0.958892
     181.003       298.25       0.0135     -4.60179            0     0.954749
     197.738       298.25       0.0135     -4.56498            0     0.950566
      214.64       298.25       0.0135     -4.52779            0      0.94634
     231.711       298.25       0.0135     -4.49024            0     0.942072
     248.953       298.25       0.0135      -4.4523            0     0.937762
     266.368       298.25       0.0135     -4.41399            0     0.933408
     283.957       298.25       0.0135      -4.3753            0     0.929011
     301.721       298.25       0.0135     -4.33621            0      0.92457
     319.663       298.25       0.0135     -4.29674            0     0.920084
     337.785       298.25       0.0135     -4.25687            0     0.915554
     356.088       298.25       0.0135     -4.21661            0     0.910978
     374.574       298.25       0.0135     -4.17594            0     0.906357
     393.245       298.25       0.0135     -4.13486            0     0.901689
     412.102       298.25       0.0135     -4.09338            0     0.896975
     431.148       298.25       0.0135     -4.05147            0     0.892213
     450.384       298.25       0.0135     -4.00915            0     0.887404
     469.813       298.25       0.0135     -3.96641            0     0.882547
     489.436       298.25       0.0135     -3.92324            0     0.877641
     509.256      298.292    0.0134501     -3.87964            0     0.872686
     529.273      298.382    0.0133428      -3.8356            0     0.867682
     549.491      298.473    0.0132354     -3.79112            0     0.862627
     569.911      298.565    0.0131277      -3.7462            0     0.857522
     590.535      298.657    0.0130199     -3.70082            0     0.852366
     611.365      298.751    0.0129118       -3.655            0     0.847159
     632.404      298.846    0.0128036     -3.60871            0     0.841899
     653.653      298.941    0.0126953     -3.56196            0     0.836587
     675.115      299.038    0.0125867     -3.51475            0     0.831221
     696.791      299.136    0.0124781     -3.46706            0     0.825802
     718.684      299.234    0.0123693      -3.4189            0     0.820329
     740.796      299.334    0.0122604     -3.37025            0     0.814801
     763.129      299.434    0.0121513     -3.32112            0     0.809218
     785.685      299.536    0.0120422     -3.27149            0     0.803579
     808.467      299.638    0.0119329     -3.22137            0     0.797883
     831.476      299.742    0.0118236     -3.17075            0     0.792131
     854.716      299.846    0.0117142     -3.11962            0     0.786321
     878.188      299.952    0.0116047     -3.06799            0     0.780453
     901.895      300.059    0.0114952     -3.01583            0     0.774526
     925.839      300.166    0.0113857     -2.96315            0      0.76854
     950.023      300.275     0.011276     -2.90995            0     0.762494
     974.448      300.385    0.0111664     -2.85621            0     0.756388
     999.117      300.496    0.0110568     -2.80194            0     0.750221
     1024.03      300.608    0.0109471     -2.74713            0     0.743992
      1049.2      300.721    0.0108375     -2.69176            0       0.7377
     1074.62      300.836    0.0107279     -2.63585            0     0.731346
     1100.29      300.951    0.0106183     -2.57937            0     0.724928
     1126.21      301.068    0.0105087     -2.52233            0     0.718446
      1152.4      301.186    0.0103992     -2.46472            0       0.7119
     1178.85      301.305    0.0102898     -2.40653            0     0.705287
     1205.56      301.425    0.0101804     -2.34776            0     0.698609
     1232.55      301.546    0.0100711      -2.2884            0     0.691864
      1259.8      301.669   0.00996194     -2.22845            0     0.685051
     1287.32      301.793   0.00985287      -2.1679            0      0.67817
     1315.12      301.918   0.00974392     -2.10674            0     0.671221
     1343.19      302.044    0.0096351     -2.04498            0     0.664202
     1371.55      302.172   0.00952643     -1.98259            0     0.657113
     1400.19      302.301   0.00941791     -1.91958            0     0.649952
     1429.12      302.431   0.00930957     -1.85594            0     0.642721
     1458.33      302.562   0.00920141     -1.79167            0     0.635417
     1487.84      302.695   0.00909344     -1.72675            0      0.62804
     1517.65      302.829   0.00898568     -1.66118            0     0.620589
     1547.75      302.965   0.00887813     -1.59496            0     0.613063
     1578.15      303.102   0.00877082     -1.52807            0     0.605463
     1608.86       303.24   0.00866375     -1.46052            0     0.597786
     1639.87      303.379   0.00855694     -1.39229            0     0.590033
     1671.19       303.52   0.00845039     -1.32338            0     0.582202
     1702.83      303.663   0.00834413     -1.25377            0     0.574293
     1734.78      303.807   0.00823816     -1.18348            0     0.566304
     1767.06      303.952   0.00813249     -1.11248            0     0.558236
     1799.65      304.098   0.00802715     -1.04077            0     0.550087
     1832.57      304.247   0.00792213     -0.96834            0     0.541857
     1865.82      304.396   0.00781746    -0.895188            0     0.533544
     1899.41      304.547   0.00771315    -0.821305            0     0.525148
     1933.33        304.7   0.00760921    -0.746683            0     0.516669
     1967.58      304.854   0.00750565    -0.671315            0     0.508104
     2002.18       305.01   0.00740248    -0.595193            0     0.499454
     2037.13      305.167   0.00729973     -0.51831            0     0.490717
     2072.43      305.326   0.00719739    -0.440658            0     0.481893
     2108.08      305.486   0.00709549     -0.36223            0     0.472981
     2144.08      305.648   0.00699403    -0.283017            0     0.463979
     2180.45      305.812   0.00689303    -0.203012            0     0.454888
     2217.18      305.977   0.00679249    -0.122207            0     0.445705
     2254.28      306.144   0.00669245   -0.0405944            0     0.436431
     2291.74      306.313   0.00659289    0.0418347            0     0.427064
     2329.59      306.483   0.00649385     0.125088            0     0.417604
     2367.81      306.655   0.00639532     0.209174            0     0.408048
     2406.41      306.829   0.00629733     0.294101            0     0.398398
      2445.4      307.004   0.00619988     0.379877            0      0.38865
     2484.78      307.181   0.00610299      0.46651            0     0.378806
     2524.55       307.36   0.00600666     0.554011            0     0.368862
     2564.72      307.541   0.00591092     0.642386            0      0.35882
     2605.29      307.724   0.00581577     0.731644            0     0.348677
     2646.27      307.908   0.00572122     0.821796            0     0.338432
     2687.66      308.094   0.00562728     0.912849            0     0.328085
     2729.46      308.283   0.00553397      1.00481            0     0.317635
     2771.68      308.473    0.0054413       1.0977            0      0.30708
     2814.32      308.664   0.00534928      1.19151            0      0.29642
     2857.39      308.858   0.00525791      1.28626            0     0.285653
     2900.89      309.054   0.00516722      1.38196            0     0.274778
     2944.82      309.252    0.0050772      1.47861            0     0.263794
      2989.2      309.451   0.00498788      1.57623            0     0.252701
     3034.01      309.653   0.00489926      1.67483            0     0.241497
     3079.28      309.857   0.00481135      1.77441            0     0.230181
        3125      310.062   0.00472417      1.87499            0     0.218751
     3171.17       310.27   0.00463771      1.97658            0     0.207207
     3217.81       310.48     0.004552      2.07918            0     0.195548
     3264.91      310.692   0.00446704       2.1828            0     0.183772
     3312.48      310.906   0.00438284      2.28747            0     0.171879
     3360.53      311.122    0.0042994      2.39318            0     0.159866
     3409.06      311.341   0.00421675      2.49994            0     0.147734
     3458.08      311.561   0.00413488      2.60778            0      0.13548
     3507.59      311.784    0.0040538      2.71669            0     0.123103
     3557.59      312.009   0.00397353      2.82669            0     0.110603
     3608.09      312.236   0.00389407      2.93779            0     0.097978
     3659.09      312.466   0.00381543      3.05001            0    0.0852266
     3710.61      312.698   0.00373761      3.16334            0    0.0723476
     3762.64      312.932   0.00366062      3.27781            0    0.0593398
     3815.19      313.168   0.00358448      3.39342            0     0.046202
     3868.27      313.407   0.00350918      3.51019            0    0.0329327
     3921.88      313.648   0.00343473      3.62813            0    0.0195308
     3976.02      313.892   0.00336114      3.74725            0   0.00599487
     4030.71      314.138   0.00328842      3.86755            0        1e-08
     4085.94      314.387   0.00321657      3.98906            0        1e-08
     4141.72      314.638   0.00314559      4.11179            0        1e-08
     4198.06      314.891   0.00307549      4.23574            0        1e-08
     4254.97      315.147   0.00300627      4.36093            0        1e-08
     4312.44      315.406   0.00293795      4.48738            0        1e-08
     4370.49      315.667   0.00287052      4.61509            0        1e-08
     4429.12      315.931   0.00280398      4.74407            0        1e-08
     4488.34      316.198   0.00273834      4.87435            0        1e-08
     4548.15      316.467   0.00267361      5.00593            0        1e-08
     4608.56      316.738   0.00260978      5.13882            0        1e-08
     4669.57      317.013   0.00254687      5.27304            0        1e-08
     4731.19       317.29   0.00248486      5.40861            0        1e-08
     4793.42       317.57   0.00242376      5.54553            0        1e-08
     4856.28      317.853   0.00236358      5.68382            0        1e-08
     4919.77      318.139   0.00230431      5.82349            0        1e-08
     4983.89      318.428   0.00224596      5.96456            0        1e-08
     5048.66      318.719   0.00218852      6.10705            0        1e-08
     5114.07      319.013     0.002132      6.25095            0        1e-08
     5180.13      319.311    0.0020764       6.3963            0        1e-08
     5246.86      319.611   0.00202171      6.54309            0        1e-08
     5314.25      319.914   0.00196794      6.69136            0        1e-08
     5382.32       320.22   0.00191508      6.84111            0        1e-08
     5451.07       320.53   0.00186314      6.99235            0        1e-08
     5520.51      320.842    0.0018121      7.14511            0        1e-08
     5590.64      321.158   0.00176198       7.2994            0        1e-08
     5661.47      321.477   0.00171275      7.45523            0        1e-08
     5733.01      321.799   0.00166444      7.61262            0        1e-08
     5805.26      322.124   0.00161702      7.77158            0        1e-08
     5878.24      322.452    0.0015705      7.93213            0        1e-08
     5951.95      322.784   0.00152487      8.09428            0        1e-08
     6026.39      323.119   0.00148013      8.25806            0        1e-08
     6101.58      323.457   0.00143628      8.42348            0        1e-08
     6177.52      323.799   0.00139331      8.59055            0        1e-08
     6254.22      324.144   0.00135121      8.75929            0        1e-08
     6331.69      324.493   0.00130998      8.92971            0        1e-08
     6409.93      324.845   0.00126962      9.10185            0        1e-08
     6488.95        325.2   0.00123012       9.2757            0        1e-08
     6568.77      325.559   0.00119146      9.45129            0        1e-08
     6649.38      325.922   0.00115366      9.62864            0        1e-08
      6730.8      326.289   0.00111669      9.80776            0        1e-08
     6813.03      326.659   0.00108056      9.98867            0        1e-08
     6896.09      327.032   0.00104525      10.1714            0        1e-08
     6979.98       327.41   0.00101076      10.3559            0        1e-08
