# 
#     height           ug           vg         wfls      dqtdxls      dqtdyls      dqtdtls      dthlrad
         7.5      -3.9835            0 -2.10373e-05            0            0 -1.72676e-08 -5.75832e-06
        22.5      -3.9505            0 -6.29884e-05            0            0 -1.72027e-08 -5.71497e-06
       37.65     -3.91717            0 -0.000105189            0            0 -1.71372e-08 -5.67119e-06
     52.9515     -3.88351            0 -0.000147634            0            0  -1.7071e-08 -5.62697e-06
      68.406     -3.84951            0 -0.000190317            0            0 -1.70041e-08 -5.58231e-06
     84.0151     -3.81517            0 -0.000233235            0            0 -1.69366e-08  -5.5372e-06
     99.7802     -3.78048            0  -0.00027638            0            0 -1.68685e-08 -5.49164e-06
     115.703     -3.74545            0 -0.000319746            0            0 -1.67996e-08 -5.44562e-06
     131.785     -3.71007            0 -0.000363327            0            0   -1.673e-08 -5.39914e-06
     148.028     -3.67434            0 -0.000407116            0            0 -1.66598e-08  -5.3522e-06
     164.433     -3.63825            0 -0.000451105            0            0 -1.65888e-08 -5.30479e-06
     181.003     -3.60179            0 -0.000495286            0            0 -1.65172e-08  -5.2569e-06
     197.738     -3.56498            0 -0.000539652            0            0 -1.64448e-08 -5.20854e-06
      214.64     -3.52779            0 -0.000584193            0            0 -1.63717e-08 -5.15969e-06
     231.711     -3.49024            0 -0.000628901            0            0 -1.62978e-08 -5.11035e-06
     248.953      -3.4523            0 -0.000673766            0            0 -1.62233e-08 -5.06052e-06
     266.368     -3.41399            0 -0.000718778            0            0  -1.6148e-08  -5.0102e-06
     283.957      -3.3753            0 -0.000763927            0            0 -1.60719e-08 -4.95937e-06
     301.721     -3.33621            0 -0.000809202            0            0 -1.59951e-08 -4.90803e-06
     319.663     -3.29674            0  -0.00085459            0            0 -1.59175e-08 -4.85617e-06
     337.785     -3.25687            0 -0.000900082            0            0 -1.58391e-08  -4.8038e-06
     356.088     -3.21661            0 -0.000945663            0            0 -1.57599e-08 -4.75091e-06
     374.574     -3.17594            0 -0.000991321            0            0   -1.568e-08 -4.69748e-06
     393.245     -3.13486            0  -0.00103704            0            0 -1.55992e-08 -4.64352e-06
     412.102     -3.09338            0  -0.00108281            0            0 -1.55177e-08 -4.58903e-06
     431.148     -3.05147            0  -0.00112862            0            0 -1.54353e-08 -4.53398e-06
     450.384     -3.00915            0  -0.00117445            0            0 -1.53521e-08 -4.47839e-06
     469.813     -2.96641            0  -0.00122028            0            0 -1.52681e-08 -4.42224e-06
     489.436     -2.92324            0  -0.00126609            0            0 -1.51832e-08 -4.36553e-06
     509.256     -2.87964            0  -0.00131188            0            0 -1.50975e-08 -4.30825e-06
     529.273      -2.8356            0  -0.00135763            0            0 -1.50109e-08  -4.2504e-06
     549.491     -2.79112            0   -0.0014033            0            0 -1.49235e-08 -4.19197e-06
     569.911      -2.7462            0   -0.0014489            0            0 -1.48351e-08 -4.13296e-06
     590.535     -2.70082            0  -0.00149439            0            0 -1.47459e-08 -4.07335e-06
     611.365       -2.655            0  -0.00153975            0            0 -1.46558e-08 -4.01315e-06
     632.404     -2.60871            0  -0.00158498            0            0 -1.45649e-08 -3.95235e-06
     653.653     -2.56196            0  -0.00163004            0            0  -1.4473e-08 -3.89094e-06
     675.115     -2.51475            0  -0.00167491            0            0 -1.43801e-08 -3.82892e-06
     696.791     -2.46706            0  -0.00171958            0            0 -1.42864e-08 -3.76627e-06
     718.684      -2.4189            0  -0.00176401            0            0 -1.41917e-08   -3.703e-06
     740.796     -2.37025            0  -0.00180818            0            0 -1.40961e-08  -3.6391e-06
     763.129     -2.32112            0  -0.00185208            0            0 -1.39995e-08 -3.57456e-06
     785.685     -2.27149            0  -0.00189567            0            0 -1.39019e-08 -3.50937e-06
     808.467     -2.22137            0  -0.00193893            0            0 -1.38034e-08 -3.44353e-06
     831.476     -2.17075            0  -0.00198183            0            0 -1.37039e-08 -3.37703e-06
     854.716     -2.11962            0  -0.00202435            0            0 -1.36034e-08 -3.30987e-06
     878.188     -2.06799            0  -0.00206646            0            0 -1.35018e-08 -3.24204e-06
     901.895     -2.01583            0  -0.00210813            0            0 -1.33993e-08 -3.17352e-06
     925.839     -1.96315            0  -0.00214933            0            0 -1.32957e-08 -3.10432e-06
     950.023     -1.90995            0  -0.00219004            0            0 -1.31912e-08 -3.03443e-06
     974.448     -1.85621            0  -0.00223022            0            0 -1.30855e-08 -2.96385e-06
     999.117     -1.80194            0  -0.00226985            0            0 -1.29788e-08 -2.89255e-06
     1024.03     -1.74713            0  -0.00230889            0            0 -1.28711e-08 -2.82054e-06
      1049.2     -1.69176            0  -0.00234731            0            0 -1.27622e-08 -2.74782e-06
     1074.62     -1.63585            0  -0.00238509            0            0 -1.26523e-08 -2.67436e-06
     1100.29     -1.57937            0  -0.00242219            0            0 -1.25413e-08 -2.60017e-06
     1126.21     -1.52233            0  -0.00245857            0            0 -1.24291e-08 -2.52524e-06
      1152.4     -1.46472            0  -0.00249422            0            0 -1.23159e-08 -2.44956e-06
     1178.85     -1.40653            0  -0.00252909            0            0 -1.22015e-08 -2.37312e-06
     1205.56     -1.34776            0  -0.00256316            0            0 -1.20859e-08 -2.29592e-06
     1232.55      -1.2884            0  -0.00259639            0            0 -1.19692e-08 -2.21794e-06
      1259.8     -1.22845            0  -0.00262875            0            0 -1.18514e-08 -2.13919e-06
     1287.32      -1.1679            0   -0.0026602            0            0 -1.17323e-08 -2.05965e-06
     1315.12     -1.10674            0  -0.00269073            0            0 -1.16121e-08 -1.97931e-06
     1343.19     -1.04498            0  -0.00272029            0            0 -1.14907e-08 -1.89817e-06
     1371.55    -0.982591            0  -0.00274885            0            0  -1.1368e-08 -1.81622e-06
     1400.19    -0.919581            0  -0.00277638            0            0 -1.12442e-08 -1.73345e-06
     1429.12    -0.855942            0  -0.00280286            0            0 -1.11191e-08 -1.64985e-06
     1458.33    -0.791667            0  -0.00282825            0            0 -1.09927e-08 -1.56542e-06
     1487.84    -0.726748            0  -0.00285252            0            0 -1.08651e-08 -1.48014e-06
     1517.65    -0.661181            0  -0.00287565            0            0 -1.07362e-08 -1.39401e-06
     1547.75    -0.594958            0   -0.0028976            0            0  -1.0606e-08 -1.30701e-06
     1578.15    -0.528072            0  -0.00291836            0            0 -1.04745e-08 -1.21915e-06
     1608.86    -0.460518            0   -0.0029379            0            0 -1.03417e-08 -1.13041e-06
     1639.87    -0.392288            0  -0.00295619            0            0 -1.02076e-08 -1.04078e-06
     1671.19    -0.323376            0  -0.00297321            0            0 -1.00721e-08 -9.50253e-07
     1702.83    -0.253775            0  -0.00298895            0            0 -9.93526e-09 -8.58822e-07
     1734.78    -0.183478            0  -0.00300338            0            0 -9.79706e-09 -7.66477e-07
     1767.06    -0.112477            0  -0.00301649            0            0 -9.65748e-09 -6.73209e-07
     1799.65   -0.0407671            0  -0.00302825            0            0 -9.51651e-09 -5.79008e-07
     1832.57    0.0316602            0  -0.00303867            0            0 -9.37412e-09 -4.83865e-07
     1865.82     0.104812            0  -0.00304773            0            0 -9.23031e-09  -3.8777e-07
     1899.41     0.178695            0  -0.00305542            0            0 -9.08507e-09 -2.90714e-07
     1933.33     0.253317            0  -0.00306174            0            0 -8.93837e-09 -1.92688e-07
     1967.58     0.328685            0  -0.00306669            0            0  -8.7902e-09 -9.36819e-08
     2002.18     0.404807            0  -0.00307027            0            0 -8.64055e-09            0
     2037.13      0.48169            0  -0.00307249            0            0  -8.4894e-09            0
     2072.43     0.559342            0  -0.00307334            0            0 -8.33675e-09            0
     2108.08      0.63777            0  -0.00307286            0            0 -8.18257e-09            0
     2144.08     0.716983            0  -0.00307104            0            0 -8.02684e-09            0
     2180.45     0.796988            0  -0.00306792            0            0 -7.86956e-09            0
     2217.18     0.877793            0  -0.00306352            0            0  -7.7107e-09            0
     2254.28     0.959406            0  -0.00305786            0            0 -7.55026e-09            0
     2291.74      1.04183            0  -0.00305098            0            0 -7.38821e-09            0
     2329.59      1.12509            0  -0.00304293            0            0 -7.22454e-09            0
     2367.81      1.20917            0  -0.00303374            0            0 -7.05924e-09            0
     2406.41       1.2941            0  -0.00302346            0            0 -6.89228e-09            0
      2445.4      1.37988            0  -0.00301215            0            0 -6.72365e-09            0
     2484.78      1.46651            0  -0.00299986            0            0 -6.55334e-09            0
     2524.55      1.55401            0  -0.00298667            0            0 -6.38132e-09            0
     2564.72      1.64239            0  -0.00297264            0            0 -6.20758e-09            0
     2605.29      1.73164            0  -0.00295785            0            0 -6.03211e-09            0
     2646.27       1.8218            0  -0.00294238            0            0 -5.85488e-09            0
     2687.66      1.91285            0  -0.00292632            0            0 -5.67588e-09            0
     2729.46      2.00481            0  -0.00290977            0            0 -5.49508e-09            0
     2771.68       2.0977            0  -0.00289282            0            0 -5.31248e-09            0
     2814.32      2.19151            0  -0.00287559            0            0 -5.12806e-09            0
     2857.39      2.28626            0  -0.00285818            0            0 -4.94179e-09            0
     2900.89      2.38196            0  -0.00284071            0            0 -4.75366e-09            0
     2944.82      2.47861            0   -0.0028233            0            0 -4.56364e-09            0
      2989.2      2.57623            0  -0.00280609            0            0 -4.37173e-09            0
     3034.01      2.67483            0  -0.00278921            0            0 -4.17789e-09            0
     3079.28      2.77441            0  -0.00277279            0            0 -3.98212e-09            0
        3125      2.87499            0  -0.00275698            0            0 -3.78439e-09            0
     3171.17      2.97658            0  -0.00274193            0            0 -3.58469e-09            0
     3217.81      3.07918            0  -0.00272779            0            0 -3.38298e-09            0
     3264.91       3.1828            0  -0.00271471            0            0 -3.17926e-09            0
     3312.48      3.28747            0  -0.00270285            0            0  -2.9735e-09            0
     3360.53      3.39318            0  -0.00269237            0            0 -2.76569e-09            0
     3409.06      3.49994            0  -0.00268344            0            0  -2.5558e-09            0
     3458.08      3.60778            0  -0.00267622            0            0  -2.3438e-09            0
     3507.59      3.71669            0  -0.00267087            0            0 -2.12969e-09            0
     3557.59      3.82669            0  -0.00266755            0            0 -1.91344e-09            0
     3608.09      3.93779            0  -0.00266642            0            0 -1.69502e-09            0
     3659.09      4.05001            0  -0.00266765            0            0 -1.47442e-09            0
     3710.61      4.16334            0  -0.00267138            0            0 -1.25161e-09            0
     3762.64      4.27781            0  -0.00267777            0            0 -1.02658e-09            0
     3815.19      4.39342            0  -0.00268697            0            0 -7.99294e-10            0
     3868.27      4.51019            0   -0.0026991            0            0 -5.69736e-10            0
     3921.88      4.62813            0  -0.00271431            0            0 -3.37883e-10            0
     3976.02      4.74725            0  -0.00273271            0            0 -1.03711e-10            0
     4030.71      4.86755            0  -0.00275441            0            0            0            0
     4085.94      4.98906            0  -0.00277951            0            0            0            0
     4141.72      5.11179            0  -0.00280809            0            0            0            0
     4198.06      5.23574            0  -0.00284022            0            0            0            0
     4254.97      5.36093            0  -0.00287595            0            0            0            0
     4312.44      5.48738            0  -0.00291532            0            0            0            0
     4370.49      5.61509            0  -0.00295834            0            0            0            0
     4429.12      5.74407            0    -0.003005            0            0            0            0
     4488.34      5.87435            0  -0.00305528            0            0            0            0
     4548.15      6.00593            0  -0.00310912            0            0            0            0
     4608.56      6.13882            0  -0.00316646            0            0            0            0
     4669.57      6.27304            0  -0.00322717            0            0            0            0
     4731.19      6.40861            0  -0.00329114            0            0            0            0
     4793.42      6.54553            0   -0.0033582            0            0            0            0
     4856.28      6.68382            0  -0.00342817            0            0            0            0
     4919.77      6.82349            0  -0.00350082            0            0            0            0
     4983.89      6.96456            0  -0.00357592            0            0            0            0
     5048.66      7.10705            0  -0.00365319            0            0            0            0
     5114.07      7.25095            0  -0.00373231            0            0            0            0
     5180.13       7.3963            0  -0.00381295            0            0            0            0
     5246.86      7.54309            0  -0.00389474            0            0            0            0
     5314.25      7.69136            0  -0.00396293            0            0            0            0
     5382.32      7.84111            0  -0.00397735            0            0            0            0
     5451.07      7.99235            0  -0.00399153            0            0            0            0
     5520.51      8.14511            0  -0.00400546            0            0            0            0
     5590.64       8.2994            0  -0.00401914            0            0            0            0
     5661.47      8.45523            0  -0.00403257            0            0            0            0
     5733.01      8.61262            0  -0.00404576            0            0            0            0
     5805.26      8.77158            0   -0.0040587            0            0            0            0
     5878.24      8.93213            0  -0.00407139            0            0            0            0
     5951.95      9.09428            0  -0.00408385            0            0            0            0
     6026.39      9.25806            0  -0.00409606            0            0            0            0
     6101.58      9.42348            0  -0.00410802            0            0            0            0
     6177.52      9.59055            0  -0.00411975            0            0            0            0
     6254.22      9.75929            0  -0.00413124            0            0            0            0
     6331.69      9.92971            0  -0.00414249            0            0            0            0
     6409.93      10.1018            0  -0.00415351            0            0            0            0
     6488.95      10.2757            0  -0.00416429            0            0            0            0
     6568.77      10.4513            0  -0.00417484            0            0            0            0
     6649.38      10.6286            0  -0.00418516            0            0            0            0
      6730.8      10.8078            0  -0.00419524            0            0            0            0
     6813.03      10.9887            0  -0.00420511            0            0            0            0
     6896.09      11.1714            0  -0.00421474            0            0            0            0
     6979.98      11.3559            0  -0.00422415            0            0            0            0
