# 
#     height         th_l          q_t            u            v          TKE
         7.5       297.25      0.01425      -3.9835            0     0.998125
        22.5       297.25      0.01425      -3.9505            0     0.994375
       37.65       297.25      0.01425     -3.91717            0     0.990588
     52.9515       297.25      0.01425     -3.88351            0     0.986762
      68.406       297.25      0.01425     -3.84951            0     0.982898
     84.0151       297.25      0.01425     -3.81517            0     0.978996
     99.7802       297.25      0.01425     -3.78048            0     0.975055
     115.703       297.25      0.01425     -3.74545            0     0.971074
     131.785       297.25      0.01425     -3.71007            0     0.967054
     148.028       297.25      0.01425     -3.67434            0     0.962993
     164.433       297.25      0.01425     -3.63825            0     0.958892
     181.003       297.25      0.01425     -3.60179            0     0.954749
     197.738       297.25      0.01425     -3.56498            0     0.950566
      214.64       297.25      0.01425     -3.52779            0      0.94634
     231.711       297.25      0.01425     -3.49024            0     0.942072
     248.953       297.25      0.01425      -3.4523            0     0.937762
     266.368       297.25      0.01425     -3.41399            0     0.933408
     283.957       297.25      0.01425      -3.3753            0     0.929011
     301.721       297.25      0.01425     -3.33621            0      0.92457
     319.663       297.25      0.01425     -3.29674            0     0.920084
     337.785       297.25      0.01425     -3.25687            0     0.915554
     356.088       297.25      0.01425     -3.21661            0     0.910978
     374.574       297.25      0.01425     -3.17594            0     0.906357
     393.245       297.25      0.01425     -3.13486            0     0.901689
     412.102       297.25      0.01425     -3.09338            0     0.896975
     431.148       297.25      0.01425     -3.05147            0     0.892213
     450.384       297.25      0.01425     -3.00915            0     0.887404
     469.813       297.25      0.01425     -2.96641            0     0.882547
     489.436       297.25      0.01425     -2.92324            0     0.877641
     509.256      297.296    0.0141789     -2.87964            0     0.872686
     529.273      297.396    0.0140263      -2.8356            0     0.867682
     549.491      297.497    0.0138738     -2.79112            0     0.862627
     569.911        297.6    0.0137215      -2.7462            0     0.857522
     590.535      297.703    0.0135694     -2.70082            0     0.852366
     611.365      297.807    0.0134175       -2.655            0     0.847159
     632.404      297.912    0.0132658     -2.60871            0     0.841899
     653.653      298.018    0.0131143     -2.56196            0     0.836587
     675.115      298.126     0.012963     -2.51475            0     0.831221
     696.791      298.234     0.012812     -2.46706            0     0.825802
     718.684      298.343    0.0126613      -2.4189            0     0.820329
     740.796      298.454    0.0125109     -2.37025            0     0.814801
     763.129      298.566    0.0123607     -2.32112            0     0.809218
     785.685      298.678    0.0122109     -2.27149            0     0.803579
     808.467      298.792    0.0120615     -2.22137            0     0.797883
     831.476      298.907    0.0119124     -2.17075            0     0.792131
     854.716      299.024    0.0117637     -2.11962            0     0.786321
     878.188      299.141    0.0116154     -2.06799            0     0.780453
     901.895      299.259    0.0114675     -2.01583            0     0.774526
     925.839      299.379      0.01132     -1.96315            0      0.76854
     950.023        299.5     0.011173     -1.90995            0     0.762494
     974.448      299.622    0.0110265     -1.85621            0     0.756388
     999.117      299.746    0.0108804     -1.80194            0     0.750221
     1024.03       299.87    0.0107349     -1.74713            0     0.743992
      1049.2      299.996    0.0105898     -1.69176            0       0.7377
     1074.62      300.123    0.0104453     -1.63585            0     0.731346
     1100.29      300.251    0.0103014     -1.57937            0     0.724928
     1126.21      300.381     0.010158     -1.52233            0     0.718446
      1152.4      300.512    0.0100152     -1.46472            0       0.7119
     1178.85      300.644   0.00987307     -1.40653            0     0.705287
     1205.56      300.778   0.00973153     -1.34776            0     0.698609
     1232.55      300.913   0.00959063      -1.2884            0     0.691864
      1259.8      301.049    0.0094504     -1.22845            0     0.685051
     1287.32      301.187   0.00931084      -1.1679            0      0.67817
     1315.12      301.326   0.00917198     -1.10674            0     0.671221
     1343.19      301.466   0.00903384     -1.04498            0     0.664202
     1371.55      301.608   0.00889642    -0.982591            0     0.657113
     1400.19      301.751   0.00875975    -0.919581            0     0.649952
     1429.12      301.896   0.00862385    -0.855942            0     0.642721
     1458.33      302.042   0.00848873    -0.791667            0     0.635417
     1487.84      302.189    0.0083544    -0.726748            0      0.62804
     1517.65      302.338   0.00822089    -0.661181            0     0.620589
     1547.75      302.489   0.00808821    -0.594958            0     0.613063
     1578.15      302.641   0.00795638    -0.528072            0     0.605463
     1608.86      302.794   0.00782541    -0.460518            0     0.597786
     1639.87      302.949   0.00769531    -0.392288            0     0.590033
     1671.19      303.106   0.00756612    -0.323376            0     0.582202
     1702.83      303.264   0.00743783    -0.253775            0     0.574293
     1734.78      303.424   0.00731046    -0.183478            0     0.566304
     1767.06      303.585   0.00718404    -0.112477            0     0.558236
     1799.65      303.748   0.00705857   -0.0407671            0     0.550087
     1832.57      303.913   0.00693407    0.0316602            0     0.541857
     1865.82      304.079   0.00681056     0.104812            0     0.533544
     1899.41      304.247   0.00668804     0.178695            0     0.525148
     1933.33      304.417   0.00656653     0.253317            0     0.516669
     1967.58      304.588   0.00644605     0.328685            0     0.508104
     2002.18      304.761   0.00632661     0.404807            0     0.499454
     2037.13      304.936   0.00620822      0.48169            0     0.490717
     2072.43      305.112    0.0060909     0.559342            0     0.481893
     2108.08       305.29   0.00597465      0.63777            0     0.472981
     2144.08       305.47   0.00585949     0.716983            0     0.463979
     2180.45      305.652   0.00574544     0.796988            0     0.454888
     2217.18      305.836   0.00563249     0.877793            0     0.445705
     2254.28      306.021   0.00552067     0.959406            0     0.436431
     2291.74      306.209   0.00540999      1.04183            0     0.427064
     2329.59      306.398   0.00530045      1.12509            0     0.417604
     2367.81      306.589   0.00519207      1.20917            0     0.408048
     2406.41      306.782   0.00508485       1.2941            0     0.398398
      2445.4      306.977   0.00497881      1.37988            0      0.38865
     2484.78      307.174   0.00487395      1.46651            0     0.378806
     2524.55      307.373   0.00477028      1.55401            0     0.368862
     2564.72      307.574   0.00466782      1.64239            0      0.35882
     2605.29      307.776   0.00456656      1.73164            0     0.348677
     2646.27      307.981   0.00446652       1.8218            0     0.338432
     2687.66      308.188   0.00436771      1.91285            0     0.328085
     2729.46      308.397   0.00427013      2.00481            0     0.317635
     2771.68      308.608   0.00417378       2.0977            0      0.30708
     2814.32      308.822   0.00407868      2.19151            0      0.29642
     2857.39      309.037   0.00398482      2.28626            0     0.285653
     2900.89      309.254   0.00389222      2.38196            0     0.274778
     2944.82      309.474   0.00380087      2.47861            0     0.263794
      2989.2      309.696   0.00371079      2.57623            0     0.252701
     3034.01       309.92   0.00362198      2.67483            0     0.241497
     3079.28      310.146   0.00353443      2.77441            0     0.230181
        3125      310.375   0.00344816      2.87499            0     0.218751
     3171.17      310.606   0.00336316      2.97658            0     0.207207
     3217.81      310.839   0.00327944      3.07918            0     0.195548
     3264.91      311.075   0.00319699       3.1828            0     0.183772
     3312.48      311.312   0.00311583      3.28747            0     0.171879
     3360.53      311.553   0.00303594      3.39318            0     0.159866
     3409.06      311.795   0.00295734      3.49994            0     0.147734
     3458.08       312.04   0.00288001      3.60778            0      0.13548
     3507.59      312.288   0.00280397      3.71669            0     0.123103
     3557.59      312.538    0.0027292      3.82669            0     0.110603
     3608.09       312.79    0.0026557      3.93779            0     0.097978
     3659.09      313.045   0.00258348      4.05001            0    0.0852266
     3710.61      313.303   0.00251254      4.16334            0    0.0723476
     3762.64      313.563   0.00244285      4.27781            0    0.0593398
     3815.19      313.826   0.00237444      4.39342            0     0.046202
     3868.27      314.091   0.00230728      4.51019            0    0.0329327
     3921.88      314.359   0.00224138      4.62813            0    0.0195308
     3976.02       314.63   0.00217674      4.74725            0   0.00599487
     4030.71      314.904   0.00211334      4.86755            0        1e-08
     4085.94       315.18   0.00205117      4.98906            0        1e-08
     4141.72      315.459   0.00199025      5.11179            0        1e-08
     4198.06       315.74   0.00193055      5.23574            0        1e-08
     4254.97      316.025   0.00187207      5.36093            0        1e-08
     4312.44      316.312    0.0018148      5.48738            0        1e-08
     4370.49      316.602   0.00175874      5.61509            0        1e-08
     4429.12      316.896   0.00170388      5.74407            0        1e-08
     4488.34      317.192    0.0016502      5.87435            0        1e-08
     4548.15      317.491   0.00159771      6.00593            0        1e-08
     4608.56      317.793   0.00154638      6.13882            0        1e-08
     4669.57      318.098   0.00149621      6.27304            0        1e-08
     4731.19      318.406    0.0014472      6.40861            0        1e-08
     4793.42      318.717   0.00139932      6.54553            0        1e-08
     4856.28      319.031   0.00135257      6.68382            0        1e-08
     4919.77      319.349   0.00130694      6.82349            0        1e-08
     4983.89      319.669   0.00126242      6.96456            0        1e-08
     5048.66      319.993   0.00121899      7.10705            0        1e-08
     5114.07       320.32   0.00117664      7.25095            0        1e-08
     5180.13      320.651   0.00113537       7.3963            0        1e-08
     5246.86      320.984   0.00109514      7.54309            0        1e-08
     5314.25      321.321   0.00105597      7.69136            0        1e-08
     5382.32      321.662   0.00101782      7.84111            0        1e-08
     5451.07      322.005  0.000980692      7.99235            0        1e-08
     5520.51      322.353  0.000944566      8.14511            0        1e-08
     5590.64      322.703  0.000909429       8.2994            0        1e-08
     5661.47      323.057  0.000875268      8.45523            0        1e-08
     5733.01      323.415  0.000842067      8.61262            0        1e-08
     5805.26      323.776  0.000809813      8.77158            0        1e-08
     5878.24      324.141   0.00077849      8.93213            0        1e-08
     5951.95       324.51  0.000748083      9.09428            0        1e-08
     6026.39      324.882  0.000718578      9.25806            0        1e-08
     6101.58      325.258  0.000689958      9.42348            0        1e-08
     6177.52      325.638  0.000662209      9.59055            0        1e-08
     6254.22      326.021  0.000635316      9.75929            0        1e-08
     6331.69      326.408  0.000609262      9.92971            0        1e-08
     6409.93        326.8  0.000584032      10.1018            0        1e-08
     6488.95      327.195   0.00055961      10.2757            0        1e-08
     6568.77      327.594   0.00053598      10.4513            0        1e-08
     6649.38      327.997  0.000513126      10.6286            0        1e-08
      6730.8      328.404  0.000491033      10.8078            0        1e-08
     6813.03      328.815  0.000469685      10.9887            0        1e-08
     6896.09       329.23  0.000449065      11.1714            0        1e-08
     6979.98       329.65  0.000429157      11.3559            0        1e-08
