
      z (m)          factor (-)         u (m s-1)         v (m s-1)         w (m s-1)          thl (K)        qt (kg kg-1)    
# 0.00000000E+00
+7.5000000000e+00 +7.5548240924e+06 -4.9835000000e+00 +0.0000000000e+00 +0.0000000000e+00 +2.9825000000e+02 +1.3500000000e-02
+2.2500000000e+01 +7.5261719898e+06 -4.9505000000e+00 +0.0000000000e+00 +0.0000000000e+00 +2.9825000000e+02 +1.3500000000e-02
+3.7650000000e+01 +7.4970634806e+06 -4.9171700000e+00 +0.0000000000e+00 +0.0000000000e+00 +2.9825000000e+02 +1.3500000000e-02
+5.2951500000e+01 +7.4674894005e+06 -4.8835067000e+00 +0.0000000000e+00 +0.0000000000e+00 +2.9825000000e+02 +1.3500000000e-02
+6.8406015000e+01 +7.4374403620e+06 -4.8495067670e+00 +0.0000000000e+00 +0.0000000000e+00 +2.9825000000e+02 +1.3500000000e-02
+8.4015075150e+01 +7.4069067488e+06 -4.8151668347e+00 +0.0000000000e+00 +0.0000000000e+00 +2.9825000000e+02 +1.3500000000e-02
+9.9780225902e+01 +7.3758787095e+06 -4.7804835030e+00 +0.0000000000e+00 +0.0000000000e+00 +2.9825000000e+02 +1.3500000000e-02
+1.1570302816e+02 +7.3443461514e+06 -4.7454533380e+00 +0.0000000000e+00 +0.0000000000e+00 +2.9825000000e+02 +1.3500000000e-02
+1.3178505844e+02 +7.3122987343e+06 -4.7100728714e+00 +0.0000000000e+00 +0.0000000000e+00 +2.9825000000e+02 +1.3500000000e-02
+1.4802790903e+02 +7.2797258644e+06 -4.6743386001e+00 +0.0000000000e+00 +0.0000000000e+00 +2.9825000000e+02 +1.3500000000e-02
+1.6443318812e+02 +7.2466166872e+06 -4.6382469861e+00 +0.0000000000e+00 +0.0000000000e+00 +2.9825000000e+02 +1.3500000000e-02
+1.8100252000e+02 +7.2129600817e+06 -4.6017944560e+00 +0.0000000000e+00 +0.0000000000e+00 +2.9825000000e+02 +1.3500000000e-02
+1.9773754520e+02 +7.1787446529e+06 -4.5649774006e+00 +0.0000000000e+00 +0.0000000000e+00 +2.9825000000e+02 +1.3500000000e-02
+2.1463992065e+02 +7.1439587256e+06 -4.5277921746e+00 +0.0000000000e+00 +0.0000000000e+00 +2.9825000000e+02 +1.3500000000e-02
+2.3171131986e+02 +7.1085903372e+06 -4.4902350963e+00 +0.0000000000e+00 +0.0000000000e+00 +2.9825000000e+02 +1.3500000000e-02
+2.4895343305e+02 +7.0726272310e+06 -4.4523024473e+00 +0.0000000000e+00 +0.0000000000e+00 +2.9825000000e+02 +1.3500000000e-02
+2.6636796739e+02 +7.0360568491e+06 -4.4139904718e+00 +0.0000000000e+00 +0.0000000000e+00 +2.9825000000e+02 +1.3500000000e-02
+2.8395664706e+02 +6.9988663253e+06 -4.3752953765e+00 +0.0000000000e+00 +0.0000000000e+00 +2.9825000000e+02 +1.3500000000e-02
+3.0172121353e+02 +6.9610424782e+06 -4.3362133302e+00 +0.0000000000e+00 +0.0000000000e+00 +2.9825000000e+02 +1.3500000000e-02
+3.1966342567e+02 +6.9225718043e+06 -4.2967404635e+00 +0.0000000000e+00 +0.0000000000e+00 +2.9825000000e+02 +1.3500000000e-02
+3.3778505992e+02 +6.8834404704e+06 -4.2568728682e+00 +0.0000000000e+00 +0.0000000000e+00 +2.9825000000e+02 +1.3500000000e-02
+3.5608791052e+02 +6.8436343075e+06 -4.2166065969e+00 +0.0000000000e+00 +0.0000000000e+00 +2.9825000000e+02 +1.3500000000e-02
+3.7457378963e+02 +6.8031388033e+06 -4.1759376628e+00 +0.0000000000e+00 +0.0000000000e+00 +2.9825000000e+02 +1.3500000000e-02
+3.9324452752e+02 +6.7619390957e+06 -4.1348620395e+00 +0.0000000000e+00 +0.0000000000e+00 +2.9825000000e+02 +1.3500000000e-02
+4.1210197280e+02 +6.7200199664e+06 -4.0933756598e+00 +0.0000000000e+00 +0.0000000000e+00 +2.9825000000e+02 +1.3500000000e-02
+4.3114799253e+02 +6.6773658342e+06 -4.0514744164e+00 +0.0000000000e+00 +0.0000000000e+00 +2.9825000000e+02 +1.3500000000e-02
+4.5038447245e+02 +6.6339607493e+06 -4.0091541606e+00 +0.0000000000e+00 +0.0000000000e+00 +2.9825000000e+02 +1.3500000000e-02
+4.6981331718e+02 +6.5897883873e+06 -3.9664107022e+00 +0.0000000000e+00 +0.0000000000e+00 +2.9825000000e+02 +1.3500000000e-02
+4.8943645035e+02 +6.5448320441e+06 -3.9232398092e+00 +0.0000000000e+00 +0.0000000000e+00 +2.9825000000e+02 +1.3500000000e-02
+5.0925581485e+02 +6.4990746307e+06 -3.8796372073e+00 +0.0000000000e+00 +0.0000000000e+00 +2.9830090698e+02 +1.3450111009e-02
+5.2927337300e+02 +6.4524986694e+06 -3.8355985794e+00 +0.0000000000e+00 +0.0000000000e+00 +2.9841100355e+02 +1.3342845669e-02
+5.4949110673e+02 +6.4050862897e+06 -3.7911195652e+00 +0.0000000000e+00 +0.0000000000e+00 +2.9852220109e+02 +1.3235375973e-02
+5.6991101780e+02 +6.3568192257e+06 -3.7461957608e+00 +0.0000000000e+00 +0.0000000000e+00 +2.9863451060e+02 +1.3127710197e-02
+5.9053512797e+02 +6.3076788141e+06 -3.7008227185e+00 +0.0000000000e+00 +0.0000000000e+00 +2.9874794320e+02 +1.3019856748e-02
+6.1136547925e+02 +6.2576459933e+06 -3.6549959456e+00 +0.0000000000e+00 +0.0000000000e+00 +2.9886251014e+02 +1.2911824168e-02
+6.3240413405e+02 +6.2067013036e+06 -3.6087109051e+00 +0.0000000000e+00 +0.0000000000e+00 +2.9897822274e+02 +1.2803621132e-02
+6.5365317539e+02 +6.1548248887e+06 -3.5619630141e+00 +0.0000000000e+00 +0.0000000000e+00 +2.9909509246e+02 +1.2695256443e-02
+6.7511470714e+02 +6.1019964991e+06 -3.5147476443e+00 +0.0000000000e+00 +0.0000000000e+00 +2.9921313089e+02 +1.2586739040e-02
+6.9679085421e+02 +6.0481954971e+06 -3.4670601207e+00 +0.0000000000e+00 +0.0000000000e+00 +2.9933234970e+02 +1.2478077989e-02
+7.1868376275e+02 +5.9934008633e+06 -3.4188957219e+00 +0.0000000000e+00 +0.0000000000e+00 +2.9945276070e+02 +1.2369282486e-02
+7.4079560038e+02 +5.9375912065e+06 -3.3702496792e+00 +0.0000000000e+00 +0.0000000000e+00 +2.9957437580e+02 +1.2260361857e-02
+7.6312855639e+02 +5.8807447748e+06 -3.3211171760e+00 +0.0000000000e+00 +0.0000000000e+00 +2.9969720706e+02 +1.2151325554e-02
+7.8568484195e+02 +5.8228394712e+06 -3.2714933477e+00 +0.0000000000e+00 +0.0000000000e+00 +2.9982126663e+02 +1.2042183156e-02
+8.0846669037e+02 +5.7638528708e+06 -3.2213732812e+00 +0.0000000000e+00 +0.0000000000e+00 +2.9994656680e+02 +1.1932944367e-02
+8.3147635727e+02 +5.7037622433e+06 -3.1707520140e+00 +0.0000000000e+00 +0.0000000000e+00 +3.0007311997e+02 +1.1823619017e-02
+8.5471612085e+02 +5.6425445785e+06 -3.1196245341e+00 +0.0000000000e+00 +0.0000000000e+00 +3.0020093866e+02 +1.1714217056e-02
+8.7818828205e+02 +5.5801766174e+06 -3.0679857795e+00 +0.0000000000e+00 +0.0000000000e+00 +3.0033003555e+02 +1.1604748556e-02
+9.0189516487e+02 +5.5166348879e+06 -3.0158306373e+00 +0.0000000000e+00 +0.0000000000e+00 +3.0046042341e+02 +1.1495223710e-02
+9.2583911652e+02 +5.4518957470e+06 -2.9631539436e+00 +0.0000000000e+00 +0.0000000000e+00 +3.0059211514e+02 +1.1385652827e-02
+9.5002250769e+02 +5.3859354293e+06 -2.9099504831e+00 +0.0000000000e+00 +0.0000000000e+00 +3.0072512379e+02 +1.1276046334e-02
+9.7444773277e+02 +5.3187301033e+06 -2.8562149879e+00 +0.0000000000e+00 +0.0000000000e+00 +3.0085946253e+02 +1.1166414774e-02
+9.9911721009e+02 +5.2502559359e+06 -2.8019421378e+00 +0.0000000000e+00 +0.0000000000e+00 +3.0099514466e+02 +1.1056768799e-02
+1.0240333822e+03 +5.1804891661e+06 -2.7471265592e+00 +0.0000000000e+00 +0.0000000000e+00 +3.0113218360e+02 +1.0947119175e-02
+1.0491987160e+03 +5.1094061899e+06 -2.6917628248e+00 +0.0000000000e+00 +0.0000000000e+00 +3.0127059294e+02 +1.0837476775e-02
+1.0746157032e+03 +5.0369836559e+06 -2.6358454530e+00 +0.0000000000e+00 +0.0000000000e+00 +3.0141038637e+02 +1.0727852579e-02
+1.1002868602e+03 +4.9631985747e+06 -2.5793689075e+00 +0.0000000000e+00 +0.0000000000e+00 +3.0155157773e+02 +1.0618257672e-02
+1.1262147288e+03 +4.8880284428e+06 -2.5223275966e+00 +0.0000000000e+00 +0.0000000000e+00 +3.0169418101e+02 +1.0508703241e-02
+1.1524018761e+03 +4.8114513821e+06 -2.4647158726e+00 +0.0000000000e+00 +0.0000000000e+00 +3.0183821032e+02 +1.0399200571e-02
+1.1788508949e+03 +4.7334462985e+06 -2.4065280313e+00 +0.0000000000e+00 +0.0000000000e+00 +3.0198367992e+02 +1.0289761045e-02
+1.2055644038e+03 +4.6539930594e+06 -2.3477583116e+00 +0.0000000000e+00 +0.0000000000e+00 +3.0213060422e+02 +1.0180396140e-02
+1.2325450478e+03 +4.5730726942e+06 -2.2884008947e+00 +0.0000000000e+00 +0.0000000000e+00 +3.0227899776e+02 +1.0071117425e-02
+1.2597954983e+03 +4.4906676192e+06 -2.2284499037e+00 +0.0000000000e+00 +0.0000000000e+00 +3.0242887524e+02 +9.9619365568e-03
+1.2873184533e+03 +4.4067618897e+06 -2.1678994027e+00 +0.0000000000e+00 +0.0000000000e+00 +3.0258025149e+02 +9.8528652787e-03
+1.3151166378e+03 +4.3213414822e+06 -2.1067433967e+00 +0.0000000000e+00 +0.0000000000e+00 +3.0273314151e+02 +9.7439154160e-03
+1.3431928042e+03 +4.2343946099e+06 -2.0449758307e+00 +0.0000000000e+00 +0.0000000000e+00 +3.0288756042e+02 +9.6350988738e-03
+1.3715497323e+03 +4.1459120746e+06 -1.9825905890e+00 +0.0000000000e+00 +0.0000000000e+00 +3.0304352353e+02 +9.5264276333e-03
+1.4001902296e+03 +4.0558876582e+06 -1.9195814949e+00 +0.0000000000e+00 +0.0000000000e+00 +3.0320104626e+02 +9.4179137484e-03
+1.4291171319e+03 +3.9643185591e+06 -1.8559423099e+00 +0.0000000000e+00 +0.0000000000e+00 +3.0336014423e+02 +9.3095693424e-03
+1.4583333032e+03 +3.8712058743e+06 -1.7916667330e+00 +0.0000000000e+00 +0.0000000000e+00 +3.0352083317e+02 +9.2014066045e-03
+1.4878416362e+03 +3.7765551354e+06 -1.7267484003e+00 +0.0000000000e+00 +0.0000000000e+00 +3.0368312900e+02 +9.0934377858e-03
+1.5176450526e+03 +3.6803768984e+06 -1.6611808843e+00 +0.0000000000e+00 +0.0000000000e+00 +3.0384704779e+02 +8.9856751958e-03
+1.5477465031e+03 +3.5826873951e+06 -1.5949576931e+00 +0.0000000000e+00 +0.0000000000e+00 +3.0401260577e+02 +8.8781311981e-03
+1.5781489682e+03 +3.4835092468e+06 -1.5280722701e+00 +0.0000000000e+00 +0.0000000000e+00 +3.0417981932e+02 +8.7708182073e-03
+1.6088554578e+03 +3.3828722471e+06 -1.4605179928e+00 +0.0000000000e+00 +0.0000000000e+00 +3.0434870502e+02 +8.6637486836e-03
+1.6398690124e+03 +3.2808142140e+06 -1.3922881727e+00 +0.0000000000e+00 +0.0000000000e+00 +3.0451927957e+02 +8.5569351300e-03
+1.6711927025e+03 +3.1773819162e+06 -1.3233760544e+00 +0.0000000000e+00 +0.0000000000e+00 +3.0469155986e+02 +8.4503900869e-03
+1.7028296296e+03 +3.0726320725e+06 -1.2537748150e+00 +0.0000000000e+00 +0.0000000000e+00 +3.0486556296e+02 +8.3441261282e-03
+1.7347829259e+03 +2.9666324262e+06 -1.1834775631e+00 +0.0000000000e+00 +0.0000000000e+00 +3.0504130609e+02 +8.2381558569e-03
+1.7670557551e+03 +2.8594628898e+06 -1.1124773388e+00 +0.0000000000e+00 +0.0000000000e+00 +3.0521880665e+02 +8.1324919003e-03
+1.7996513127e+03 +2.7512167559e+06 -1.0407671121e+00 +0.0000000000e+00 +0.0000000000e+00 +3.0539808222e+02 +8.0271469053e-03
+1.8325728258e+03 +2.6420019648e+06 -9.6833978326e-01 +0.0000000000e+00 +0.0000000000e+00 +3.0557915054e+02 +7.9221335338e-03
+1.8658235540e+03 +2.5319424152e+06 -8.9518818109e-01 +0.0000000000e+00 +0.0000000000e+00 +3.0576202955e+02 +7.8174644576e-03
+1.8994067896e+03 +2.4211792973e+06 -8.2130506290e-01 +0.0000000000e+00 +0.0000000000e+00 +3.0594673734e+02 +7.7131523537e-03
+1.9333258575e+03 +2.3098724235e+06 -7.4668311353e-01 +0.0000000000e+00 +0.0000000000e+00 +3.0613329222e+02 +7.6092098991e-03
+1.9675841161e+03 +2.1982015193e+06 -6.7131494467e-01 +0.0000000000e+00 +0.0000000000e+00 +3.0632171264e+02 +7.5056497655e-03
+2.0021849572e+03 +2.0863674285e+06 -5.9519309411e-01 +0.0000000000e+00 +0.0000000000e+00 +3.0651201726e+02 +7.4024846144e-03
+2.0371318068e+03 +1.9745931771e+06 -5.1831002505e-01 +0.0000000000e+00 +0.0000000000e+00 +3.0670422494e+02 +7.2997270915e-03
+2.0724281249e+03 +1.8631248206e+06 -4.4065812531e-01 +0.0000000000e+00 +0.0000000000e+00 +3.0689835469e+02 +7.1973898215e-03
+2.1080774061e+03 +1.7522319914e+06 -3.6222970656e-01 +0.0000000000e+00 +0.0000000000e+00 +3.0709442573e+02 +7.0954854025e-03
+2.1440831802e+03 +1.6422080418e+06 -2.8301700362e-01 +0.0000000000e+00 +0.0000000000e+00 +3.0729245749e+02 +6.9940264005e-03
+2.1804490120e+03 +1.5333696642e+06 -2.0301217366e-01 +0.0000000000e+00 +0.0000000000e+00 +3.0749246957e+02 +6.8930253439e-03
+2.2171785021e+03 +1.4260558563e+06 -1.2220729540e-01 +0.0000000000e+00 +0.0000000000e+00 +3.0769448176e+02 +6.7924947174e-03
+2.2542752871e+03 +1.3206260852e+06 -4.0594368351e-02 +0.0000000000e+00 +0.0000000000e+00 +3.0789851408e+02 +6.6924469567e-03
+2.2917430400e+03 +1.2174575024e+06 +4.1834687966e-02 +0.0000000000e+00 +0.0000000000e+00 +3.0810458672e+02 +6.5928944424e-03
+2.3295854704e+03 +1.1169410619e+06 +1.2508803485e-01 +0.0000000000e+00 +0.0000000000e+00 +3.0831272009e+02 +6.4938494943e-03
+2.3678063251e+03 +1.0194764143e+06 +2.0917391519e-01 +0.0000000000e+00 +0.0000000000e+00 +3.0852293479e+02 +6.3953243650e-03
+2.4064093883e+03 +9.2546548350e+05 +2.9410065435e-01 +0.0000000000e+00 +0.0000000000e+00 +3.0873525164e+02 +6.2973312347e-03
+2.4453984822e+03 +8.3530468986e+05 +3.7987666089e-01 +0.0000000000e+00 +0.0000000000e+00 +3.0894969165e+02 +6.1998822042e-03
+2.4847774670e+03 +7.4937586989e+05 +4.6651042750e-01 +0.0000000000e+00 +0.0000000000e+00 +3.0916627607e+02 +6.1029892896e-03
+2.5245502417e+03 +6.6803605157e+05 +5.5401053177e-01 +0.0000000000e+00 +0.0000000000e+00 +3.0938502633e+02 +6.0066644156e-03
+2.5647207441e+03 +5.9160638360e+05 +6.4238563709e-01 +0.0000000000e+00 +0.0000000000e+00 +3.0960596409e+02 +5.9109194097e-03
+2.6052929516e+03 +5.2036067102e+05 +7.3164449346e-01 +0.0000000000e+00 +0.0000000000e+00 +3.0982911123e+02 +5.8157659955e-03
+2.6462708811e+03 +4.5451412977e+05 +8.2179593840e-01 +0.0000000000e+00 +0.0000000000e+00 +3.1005448985e+02 +5.7212157872e-03
+2.6876585899e+03 +3.9421311388e+05 +9.1284889778e-01 +0.0000000000e+00 +0.0000000000e+00 +3.1028212224e+02 +5.6272802824e-03
+2.7294601758e+03 +3.3952666489e+05 +1.0048123868e+00 +0.0000000000e+00 +0.0000000000e+00 +3.1051203097e+02 +5.5339708567e-03
+2.7716797776e+03 +2.9044075135e+05 +1.0976955106e+00 +0.0000000000e+00 +0.0000000000e+00 +3.1074423878e+02 +5.4412987567e-03
+2.8143215753e+03 +2.4685597977e+05 +1.1915074657e+00 +0.0000000000e+00 +0.0000000000e+00 +3.1097876866e+02 +5.3492750942e-03
+2.8573897911e+03 +2.0858934910e+05 +1.2862575404e+00 +0.0000000000e+00 +0.0000000000e+00 +3.1121564385e+02 +5.2579108393e-03
+2.9008886890e+03 +1.7538029359e+05 +1.3819551158e+00 +0.0000000000e+00 +0.0000000000e+00 +3.1145488779e+02 +5.1672168147e-03
+2.9448225759e+03 +1.4690084215e+05 +1.4786096670e+00 +0.0000000000e+00 +0.0000000000e+00 +3.1169652417e+02 +5.0772036889e-03
+2.9891958016e+03 +1.2276927357e+05 +1.5762307636e+00 +0.0000000000e+00 +0.0000000000e+00 +3.1194057691e+02 +4.9878819702e-03
+3.0340127597e+03 +1.0256624043e+05 +1.6748280713e+00 +0.0000000000e+00 +0.0000000000e+00 +3.1218707018e+02 +4.8992620002e-03
+3.0792778873e+03 +8.5852047914e+04 +1.7744113520e+00 +0.0000000000e+00 +0.0000000000e+00 +3.1243602838e+02 +4.8113539478e-03
+3.1249956661e+03 +7.2183666968e+04 +1.8749904655e+00 +0.0000000000e+00 +0.0000000000e+00 +3.1268747616e+02 +4.7241678026e-03
+3.1711706228e+03 +6.1130156329e+04 +1.9765753701e+00 +0.0000000000e+00 +0.0000000000e+00 +3.1294143843e+02 +4.6377133688e-03
+3.2178073290e+03 +5.2285446164e+04 +2.0791761238e+00 +0.0000000000e+00 +0.0000000000e+00 +3.1319794031e+02 +4.5520002595e-03
+3.2649104023e+03 +4.5277835640e+04 +2.1828028851e+00 +0.0000000000e+00 +0.0000000000e+00 +3.1345700721e+02 +4.4670378899e-03
+3.3124845063e+03 +3.9775996973e+04 +2.2874659139e+00 +0.0000000000e+00 +0.0000000000e+00 +3.1371866478e+02 +4.3828354717e-03
+3.3605343514e+03 +3.5491677758e+04 +2.3931755731e+00 +0.0000000000e+00 +0.0000000000e+00 +3.1398293893e+02 +4.2994020070e-03
+3.4090646949e+03 +3.2179591781e+04 +2.4999423288e+00 +0.0000000000e+00 +0.0000000000e+00 +3.1424985582e+02 +4.2167462822e-03
+3.4580803419e+03 +2.9635157990e+04 +2.6077767521e+00 +0.0000000000e+00 +0.0000000000e+00 +3.1451944188e+02 +4.1348768625e-03
+3.5075861453e+03 +2.7690791484e+04 +2.7166895196e+00 +0.0000000000e+00 +0.0000000000e+00 +3.1479172380e+02 +4.0538020857e-03
+3.5575870067e+03 +2.6211395935e+04 +2.8266914148e+00 +0.0000000000e+00 +0.0000000000e+00 +3.1506672854e+02 +3.9735300571e-03
+3.6080878768e+03 +2.5089590926e+04 +2.9377933290e+00 +0.0000000000e+00 +0.0000000000e+00 +3.1534448332e+02 +3.8940686432e-03
+3.6590937556e+03 +2.4241066580e+04 +3.0500062622e+00 +0.0000000000e+00 +0.0000000000e+00 +3.1562501566e+02 +3.8154254667e-03
+3.7106096931e+03 +2.3600319881e+04 +3.1633413249e+00 +0.0000000000e+00 +0.0000000000e+00 +3.1590835331e+02 +3.7376079012e-03
+3.7626407901e+03 +2.3116909737e+04 +3.2778097381e+00 +0.0000000000e+00 +0.0000000000e+00 +3.1619452435e+02 +3.6606230656e-03
+3.8151921980e+03 +2.2752278749e+04 +3.3934228355e+00 +0.0000000000e+00 +0.0000000000e+00 +3.1648355709e+02 +3.5844778190e-03
+3.8682691199e+03 +2.2477128967e+04 +3.5101920639e+00 +0.0000000000e+00 +0.0000000000e+00 +3.1677548016e+02 +3.5091787561e-03
+3.9218768111e+03 +2.2269302704e+04 +3.6281289845e+00 +0.0000000000e+00 +0.0000000000e+00 +3.1707032246e+02 +3.4347322018e-03
+3.9760205792e+03 +2.2112101884e+04 +3.7472452743e+00 +0.0000000000e+00 +0.0000000000e+00 +3.1736811319e+02 +3.3611442068e-03
+4.0307057850e+03 +2.1992974666e+04 +3.8675527271e+00 +0.0000000000e+00 +0.0000000000e+00 +3.1766888182e+02 +3.2884205431e-03
+4.0859378429e+03 +2.1902501261e+04 +3.9890632544e+00 +0.0000000000e+00 +0.0000000000e+00 +3.1797265814e+02 +3.2165666994e-03
+4.1417222213e+03 +2.1833618268e+04 +4.1117888869e+00 +0.0000000000e+00 +0.0000000000e+00 +3.1827947222e+02 +3.1455878767e-03
+4.1980644435e+03 +2.1781029934e+04 +4.2357417758e+00 +0.0000000000e+00 +0.0000000000e+00 +3.1858935444e+02 +3.0754889847e-03
+4.2549700880e+03 +2.1740763941e+04 +4.3609341935e+00 +0.0000000000e+00 +0.0000000000e+00 +3.1890233548e+02 +3.0062746375e-03
+4.3124447888e+03 +2.1709837734e+04 +4.4873785355e+00 +0.0000000000e+00 +0.0000000000e+00 +3.1921844634e+02 +2.9379491500e-03
+4.3704942367e+03 +2.1686008708e+04 +4.6150873208e+00 +0.0000000000e+00 +0.0000000000e+00 +3.1953771830e+02 +2.8705165345e-03
+4.4291241791e+03 +2.1667587594e+04 +4.7440731940e+00 +0.0000000000e+00 +0.0000000000e+00 +3.1986018299e+02 +2.8039804972e-03
+4.4883404209e+03 +2.1653299238e+04 +4.8743489260e+00 +0.0000000000e+00 +0.0000000000e+00 +3.2018587231e+02 +2.7383444353e-03
+4.5481488251e+03 +2.1642178790e+04 +5.0059274152e+00 +0.0000000000e+00 +0.0000000000e+00 +3.2051481854e+02 +2.6736114338e-03
+4.6085553134e+03 +2.1633494307e+04 +5.1388216894e+00 +0.0000000000e+00 +0.0000000000e+00 +3.2084705422e+02 +2.6097842631e-03
+4.6695658665e+03 +2.1626688992e+04 +5.2730449063e+00 +0.0000000000e+00 +0.0000000000e+00 +3.2118261227e+02 +2.5468653764e-03
+4.7311865251e+03 +2.1621338056e+04 +5.4086103553e+00 +0.0000000000e+00 +0.0000000000e+00 +3.2152152589e+02 +2.4848569075e-03
+4.7934233904e+03 +2.1617116446e+04 +5.5455314589e+00 +0.0000000000e+00 +0.0000000000e+00 +3.2186382865e+02 +2.4237606687e-03
+4.8562826243e+03 +2.1613774662e+04 +5.6838217735e+00 +0.0000000000e+00 +0.0000000000e+00 +3.2220955443e+02 +2.3635781492e-03
+4.9197704505e+03 +2.1611120590e+04 +5.8234949912e+00 +0.0000000000e+00 +0.0000000000e+00 +3.2255873748e+02 +2.3043105135e-03
+4.9838931551e+03 +2.1609005836e+04 +5.9645649411e+00 +0.0000000000e+00 +0.0000000000e+00 +3.2291141235e+02 +2.2459586001e-03
+5.0486570866e+03 +2.1607315410e+04 +6.1070455905e+00 +0.0000000000e+00 +0.0000000000e+00 +3.2326761398e+02 +2.1885229206e-03
+5.1140686575e+03 +2.1605959918e+04 +6.2509510464e+00 +0.0000000000e+00 +0.0000000000e+00 +3.2362737762e+02 +2.1320036588e-03
+5.1801343440e+03 +2.1604869643e+04 +6.3962955569e+00 +0.0000000000e+00 +0.0000000000e+00 +3.2399073889e+02 +2.0764006704e-03
+5.2468606875e+03 +2.1603990043e+04 +6.5430935125e+00 +0.0000000000e+00 +0.0000000000e+00 +3.2435773378e+02 +2.0217134824e-03
+5.3142542944e+03 +2.1603278311e+04 +6.6913594476e+00 +0.0000000000e+00 +0.0000000000e+00 +3.2472839862e+02 +1.9679412936e-03
+5.3823218373e+03 +2.1602700744e+04 +6.8411080421e+00 +0.0000000000e+00 +0.0000000000e+00 +3.2510277011e+02 +1.9150829747e-03
+5.4510700557e+03 +2.1602230729e+04 +6.9923541225e+00 +0.0000000000e+00 +0.0000000000e+00 +3.2548088531e+02 +1.8631370688e-03
+5.5205057562e+03 +2.1601847182e+04 +7.1451126637e+00 +0.0000000000e+00 +0.0000000000e+00 +3.2586278166e+02 +1.8121017926e-03
+5.5906358138e+03 +2.1601533354e+04 +7.2993987904e+00 +0.0000000000e+00 +0.0000000000e+00 +3.2624849698e+02 +1.7619750369e-03
+5.6614671719e+03 +2.1601275898e+04 +7.4552277783e+00 +0.0000000000e+00 +0.0000000000e+00 +3.2663806945e+02 +1.7127543688e-03
+5.7330068437e+03 +2.1601064148e+04 +7.6126150560e+00 +0.0000000000e+00 +0.0000000000e+00 +3.2703153764e+02 +1.6644370331e-03
+5.8052619121e+03 +2.1600889553e+04 +7.7715762066e+00 +0.0000000000e+00 +0.0000000000e+00 +3.2742894052e+02 +1.6170199539e-03
+5.8782395312e+03 +2.1600745246e+04 +7.9321269687e+00 +0.0000000000e+00 +0.0000000000e+00 +3.2783031742e+02 +1.5704997377e-03
+5.9519469265e+03 +2.1600625689e+04 +8.0942832384e+00 +0.0000000000e+00 +0.0000000000e+00 +3.2823570810e+02 +1.5248726751e-03
+6.0263913958e+03 +2.1600526408e+04 +8.2580610707e+00 +0.0000000000e+00 +0.0000000000e+00 +3.2864515268e+02 +1.4801347444e-03
+6.1015803097e+03 +2.1600443779e+04 +8.4234766814e+00 +0.0000000000e+00 +0.0000000000e+00 +3.2905869170e+02 +1.4362816142e-03
+6.1775211128e+03 +2.1600374859e+04 +8.5905464483e+00 +0.0000000000e+00 +0.0000000000e+00 +3.2947636612e+02 +1.3933086471e-03
+6.2542213240e+03 +2.1600317251e+04 +8.7592869127e+00 +0.0000000000e+00 +0.0000000000e+00 +3.2989821728e+02 +1.3512109033e-03
+6.3316885372e+03 +2.1600268997e+04 +8.9297147819e+00 +0.0000000000e+00 +0.0000000000e+00 +3.3032428695e+02 +1.3099831448e-03
+6.4099304226e+03 +2.1600228497e+04 +9.1018469297e+00 +0.0000000000e+00 +0.0000000000e+00 +3.3075461732e+02 +1.2696198392e-03
+6.4889547268e+03 +2.1600194438e+04 +9.2757003990e+00 +0.0000000000e+00 +0.0000000000e+00 +3.3118925100e+02 +1.2301151646e-03
+6.5687692741e+03 +2.1600165740e+04 +9.4512924030e+00 +0.0000000000e+00 +0.0000000000e+00 +3.3162823101e+02 +1.1914630143e-03
+6.6493819668e+03 +2.1600141515e+04 +9.6286403270e+00 +0.0000000000e+00 +0.0000000000e+00 +3.3207160082e+02 +1.1536570021e-03
+6.7308007865e+03 +2.1600121027e+04 +9.8077617303e+00 +0.0000000000e+00 +0.0000000000e+00 +3.3251940433e+02 +1.1166904672e-03
+6.8130337944e+03 +2.1600103670e+04 +9.9886743476e+00 +0.0000000000e+00 +0.0000000000e+00 +3.3297168587e+02 +1.0805564800e-03
+6.8960891323e+03 +2.1600088939e+04 +1.0171396091e+01 +0.0000000000e+00 +0.0000000000e+00 +3.3342849023e+02 +1.0452478481e-03
+6.9799750236e+03 +2.1600076416e+04 +1.0355945052e+01 +0.0000000000e+00 +0.0000000000e+00 +3.3388986263e+02 +1.0107571222e-03

      z (m)          factor (-)         u (m s-1)         v (m s-1)         w (m s-1)          thl (K)        qt (kg kg-1)    
# 1.00000000E+07
+7.5000000000e+00 +7.5548240924e+06 -4.9835000000e+00 +0.0000000000e+00 +0.0000000000e+00 +2.9825000000e+02 +1.3500000000e-02
+2.2500000000e+01 +7.5261719898e+06 -4.9505000000e+00 +0.0000000000e+00 +0.0000000000e+00 +2.9825000000e+02 +1.3500000000e-02
+3.7650000000e+01 +7.4970634806e+06 -4.9171700000e+00 +0.0000000000e+00 +0.0000000000e+00 +2.9825000000e+02 +1.3500000000e-02
+5.2951500000e+01 +7.4674894005e+06 -4.8835067000e+00 +0.0000000000e+00 +0.0000000000e+00 +2.9825000000e+02 +1.3500000000e-02
+6.8406015000e+01 +7.4374403620e+06 -4.8495067670e+00 +0.0000000000e+00 +0.0000000000e+00 +2.9825000000e+02 +1.3500000000e-02
+8.4015075150e+01 +7.4069067488e+06 -4.8151668347e+00 +0.0000000000e+00 +0.0000000000e+00 +2.9825000000e+02 +1.3500000000e-02
+9.9780225902e+01 +7.3758787095e+06 -4.7804835030e+00 +0.0000000000e+00 +0.0000000000e+00 +2.9825000000e+02 +1.3500000000e-02
+1.1570302816e+02 +7.3443461514e+06 -4.7454533380e+00 +0.0000000000e+00 +0.0000000000e+00 +2.9825000000e+02 +1.3500000000e-02
+1.3178505844e+02 +7.3122987343e+06 -4.7100728714e+00 +0.0000000000e+00 +0.0000000000e+00 +2.9825000000e+02 +1.3500000000e-02
+1.4802790903e+02 +7.2797258644e+06 -4.6743386001e+00 +0.0000000000e+00 +0.0000000000e+00 +2.9825000000e+02 +1.3500000000e-02
+1.6443318812e+02 +7.2466166872e+06 -4.6382469861e+00 +0.0000000000e+00 +0.0000000000e+00 +2.9825000000e+02 +1.3500000000e-02
+1.8100252000e+02 +7.2129600817e+06 -4.6017944560e+00 +0.0000000000e+00 +0.0000000000e+00 +2.9825000000e+02 +1.3500000000e-02
+1.9773754520e+02 +7.1787446529e+06 -4.5649774006e+00 +0.0000000000e+00 +0.0000000000e+00 +2.9825000000e+02 +1.3500000000e-02
+2.1463992065e+02 +7.1439587256e+06 -4.5277921746e+00 +0.0000000000e+00 +0.0000000000e+00 +2.9825000000e+02 +1.3500000000e-02
+2.3171131986e+02 +7.1085903372e+06 -4.4902350963e+00 +0.0000000000e+00 +0.0000000000e+00 +2.9825000000e+02 +1.3500000000e-02
+2.4895343305e+02 +7.0726272310e+06 -4.4523024473e+00 +0.0000000000e+00 +0.0000000000e+00 +2.9825000000e+02 +1.3500000000e-02
+2.6636796739e+02 +7.0360568491e+06 -4.4139904718e+00 +0.0000000000e+00 +0.0000000000e+00 +2.9825000000e+02 +1.3500000000e-02
+2.8395664706e+02 +6.9988663253e+06 -4.3752953765e+00 +0.0000000000e+00 +0.0000000000e+00 +2.9825000000e+02 +1.3500000000e-02
+3.0172121353e+02 +6.9610424782e+06 -4.3362133302e+00 +0.0000000000e+00 +0.0000000000e+00 +2.9825000000e+02 +1.3500000000e-02
+3.1966342567e+02 +6.9225718043e+06 -4.2967404635e+00 +0.0000000000e+00 +0.0000000000e+00 +2.9825000000e+02 +1.3500000000e-02
+3.3778505992e+02 +6.8834404704e+06 -4.2568728682e+00 +0.0000000000e+00 +0.0000000000e+00 +2.9825000000e+02 +1.3500000000e-02
+3.5608791052e+02 +6.8436343075e+06 -4.2166065969e+00 +0.0000000000e+00 +0.0000000000e+00 +2.9825000000e+02 +1.3500000000e-02
+3.7457378963e+02 +6.8031388033e+06 -4.1759376628e+00 +0.0000000000e+00 +0.0000000000e+00 +2.9825000000e+02 +1.3500000000e-02
+3.9324452752e+02 +6.7619390957e+06 -4.1348620395e+00 +0.0000000000e+00 +0.0000000000e+00 +2.9825000000e+02 +1.3500000000e-02
+4.1210197280e+02 +6.7200199664e+06 -4.0933756598e+00 +0.0000000000e+00 +0.0000000000e+00 +2.9825000000e+02 +1.3500000000e-02
+4.3114799253e+02 +6.6773658342e+06 -4.0514744164e+00 +0.0000000000e+00 +0.0000000000e+00 +2.9825000000e+02 +1.3500000000e-02
+4.5038447245e+02 +6.6339607493e+06 -4.0091541606e+00 +0.0000000000e+00 +0.0000000000e+00 +2.9825000000e+02 +1.3500000000e-02
+4.6981331718e+02 +6.5897883873e+06 -3.9664107022e+00 +0.0000000000e+00 +0.0000000000e+00 +2.9825000000e+02 +1.3500000000e-02
+4.8943645035e+02 +6.5448320441e+06 -3.9232398092e+00 +0.0000000000e+00 +0.0000000000e+00 +2.9825000000e+02 +1.3500000000e-02
+5.0925581485e+02 +6.4990746307e+06 -3.8796372073e+00 +0.0000000000e+00 +0.0000000000e+00 +2.9830090698e+02 +1.3450111009e-02
+5.2927337300e+02 +6.4524986694e+06 -3.8355985794e+00 +0.0000000000e+00 +0.0000000000e+00 +2.9841100355e+02 +1.3342845669e-02
+5.4949110673e+02 +6.4050862897e+06 -3.7911195652e+00 +0.0000000000e+00 +0.0000000000e+00 +2.9852220109e+02 +1.3235375973e-02
+5.6991101780e+02 +6.3568192257e+06 -3.7461957608e+00 +0.0000000000e+00 +0.0000000000e+00 +2.9863451060e+02 +1.3127710197e-02
+5.9053512797e+02 +6.3076788141e+06 -3.7008227185e+00 +0.0000000000e+00 +0.0000000000e+00 +2.9874794320e+02 +1.3019856748e-02
+6.1136547925e+02 +6.2576459933e+06 -3.6549959456e+00 +0.0000000000e+00 +0.0000000000e+00 +2.9886251014e+02 +1.2911824168e-02
+6.3240413405e+02 +6.2067013036e+06 -3.6087109051e+00 +0.0000000000e+00 +0.0000000000e+00 +2.9897822274e+02 +1.2803621132e-02
+6.5365317539e+02 +6.1548248887e+06 -3.5619630141e+00 +0.0000000000e+00 +0.0000000000e+00 +2.9909509246e+02 +1.2695256443e-02
+6.7511470714e+02 +6.1019964991e+06 -3.5147476443e+00 +0.0000000000e+00 +0.0000000000e+00 +2.9921313089e+02 +1.2586739040e-02
+6.9679085421e+02 +6.0481954971e+06 -3.4670601207e+00 +0.0000000000e+00 +0.0000000000e+00 +2.9933234970e+02 +1.2478077989e-02
+7.1868376275e+02 +5.9934008633e+06 -3.4188957219e+00 +0.0000000000e+00 +0.0000000000e+00 +2.9945276070e+02 +1.2369282486e-02
+7.4079560038e+02 +5.9375912065e+06 -3.3702496792e+00 +0.0000000000e+00 +0.0000000000e+00 +2.9957437580e+02 +1.2260361857e-02
+7.6312855639e+02 +5.8807447748e+06 -3.3211171760e+00 +0.0000000000e+00 +0.0000000000e+00 +2.9969720706e+02 +1.2151325554e-02
+7.8568484195e+02 +5.8228394712e+06 -3.2714933477e+00 +0.0000000000e+00 +0.0000000000e+00 +2.9982126663e+02 +1.2042183156e-02
+8.0846669037e+02 +5.7638528708e+06 -3.2213732812e+00 +0.0000000000e+00 +0.0000000000e+00 +2.9994656680e+02 +1.1932944367e-02
+8.3147635727e+02 +5.7037622433e+06 -3.1707520140e+00 +0.0000000000e+00 +0.0000000000e+00 +3.0007311997e+02 +1.1823619017e-02
+8.5471612085e+02 +5.6425445785e+06 -3.1196245341e+00 +0.0000000000e+00 +0.0000000000e+00 +3.0020093866e+02 +1.1714217056e-02
+8.7818828205e+02 +5.5801766174e+06 -3.0679857795e+00 +0.0000000000e+00 +0.0000000000e+00 +3.0033003555e+02 +1.1604748556e-02
+9.0189516487e+02 +5.5166348879e+06 -3.0158306373e+00 +0.0000000000e+00 +0.0000000000e+00 +3.0046042341e+02 +1.1495223710e-02
+9.2583911652e+02 +5.4518957470e+06 -2.9631539436e+00 +0.0000000000e+00 +0.0000000000e+00 +3.0059211514e+02 +1.1385652827e-02
+9.5002250769e+02 +5.3859354293e+06 -2.9099504831e+00 +0.0000000000e+00 +0.0000000000e+00 +3.0072512379e+02 +1.1276046334e-02
+9.7444773277e+02 +5.3187301033e+06 -2.8562149879e+00 +0.0000000000e+00 +0.0000000000e+00 +3.0085946253e+02 +1.1166414774e-02
+9.9911721009e+02 +5.2502559359e+06 -2.8019421378e+00 +0.0000000000e+00 +0.0000000000e+00 +3.0099514466e+02 +1.1056768799e-02
+1.0240333822e+03 +5.1804891661e+06 -2.7471265592e+00 +0.0000000000e+00 +0.0000000000e+00 +3.0113218360e+02 +1.0947119175e-02
+1.0491987160e+03 +5.1094061899e+06 -2.6917628248e+00 +0.0000000000e+00 +0.0000000000e+00 +3.0127059294e+02 +1.0837476775e-02
+1.0746157032e+03 +5.0369836559e+06 -2.6358454530e+00 +0.0000000000e+00 +0.0000000000e+00 +3.0141038637e+02 +1.0727852579e-02
+1.1002868602e+03 +4.9631985747e+06 -2.5793689075e+00 +0.0000000000e+00 +0.0000000000e+00 +3.0155157773e+02 +1.0618257672e-02
+1.1262147288e+03 +4.8880284428e+06 -2.5223275966e+00 +0.0000000000e+00 +0.0000000000e+00 +3.0169418101e+02 +1.0508703241e-02
+1.1524018761e+03 +4.8114513821e+06 -2.4647158726e+00 +0.0000000000e+00 +0.0000000000e+00 +3.0183821032e+02 +1.0399200571e-02
+1.1788508949e+03 +4.7334462985e+06 -2.4065280313e+00 +0.0000000000e+00 +0.0000000000e+00 +3.0198367992e+02 +1.0289761045e-02
+1.2055644038e+03 +4.6539930594e+06 -2.3477583116e+00 +0.0000000000e+00 +0.0000000000e+00 +3.0213060422e+02 +1.0180396140e-02
+1.2325450478e+03 +4.5730726942e+06 -2.2884008947e+00 +0.0000000000e+00 +0.0000000000e+00 +3.0227899776e+02 +1.0071117425e-02
+1.2597954983e+03 +4.4906676192e+06 -2.2284499037e+00 +0.0000000000e+00 +0.0000000000e+00 +3.0242887524e+02 +9.9619365568e-03
+1.2873184533e+03 +4.4067618897e+06 -2.1678994027e+00 +0.0000000000e+00 +0.0000000000e+00 +3.0258025149e+02 +9.8528652787e-03
+1.3151166378e+03 +4.3213414822e+06 -2.1067433967e+00 +0.0000000000e+00 +0.0000000000e+00 +3.0273314151e+02 +9.7439154160e-03
+1.3431928042e+03 +4.2343946099e+06 -2.0449758307e+00 +0.0000000000e+00 +0.0000000000e+00 +3.0288756042e+02 +9.6350988738e-03
+1.3715497323e+03 +4.1459120746e+06 -1.9825905890e+00 +0.0000000000e+00 +0.0000000000e+00 +3.0304352353e+02 +9.5264276333e-03
+1.4001902296e+03 +4.0558876582e+06 -1.9195814949e+00 +0.0000000000e+00 +0.0000000000e+00 +3.0320104626e+02 +9.4179137484e-03
+1.4291171319e+03 +3.9643185591e+06 -1.8559423099e+00 +0.0000000000e+00 +0.0000000000e+00 +3.0336014423e+02 +9.3095693424e-03
+1.4583333032e+03 +3.8712058743e+06 -1.7916667330e+00 +0.0000000000e+00 +0.0000000000e+00 +3.0352083317e+02 +9.2014066045e-03
+1.4878416362e+03 +3.7765551354e+06 -1.7267484003e+00 +0.0000000000e+00 +0.0000000000e+00 +3.0368312900e+02 +9.0934377858e-03
+1.5176450526e+03 +3.6803768984e+06 -1.6611808843e+00 +0.0000000000e+00 +0.0000000000e+00 +3.0384704779e+02 +8.9856751958e-03
+1.5477465031e+03 +3.5826873951e+06 -1.5949576931e+00 +0.0000000000e+00 +0.0000000000e+00 +3.0401260577e+02 +8.8781311981e-03
+1.5781489682e+03 +3.4835092468e+06 -1.5280722701e+00 +0.0000000000e+00 +0.0000000000e+00 +3.0417981932e+02 +8.7708182073e-03
+1.6088554578e+03 +3.3828722471e+06 -1.4605179928e+00 +0.0000000000e+00 +0.0000000000e+00 +3.0434870502e+02 +8.6637486836e-03
+1.6398690124e+03 +3.2808142140e+06 -1.3922881727e+00 +0.0000000000e+00 +0.0000000000e+00 +3.0451927957e+02 +8.5569351300e-03
+1.6711927025e+03 +3.1773819162e+06 -1.3233760544e+00 +0.0000000000e+00 +0.0000000000e+00 +3.0469155986e+02 +8.4503900869e-03
+1.7028296296e+03 +3.0726320725e+06 -1.2537748150e+00 +0.0000000000e+00 +0.0000000000e+00 +3.0486556296e+02 +8.3441261282e-03
+1.7347829259e+03 +2.9666324262e+06 -1.1834775631e+00 +0.0000000000e+00 +0.0000000000e+00 +3.0504130609e+02 +8.2381558569e-03
+1.7670557551e+03 +2.8594628898e+06 -1.1124773388e+00 +0.0000000000e+00 +0.0000000000e+00 +3.0521880665e+02 +8.1324919003e-03
+1.7996513127e+03 +2.7512167559e+06 -1.0407671121e+00 +0.0000000000e+00 +0.0000000000e+00 +3.0539808222e+02 +8.0271469053e-03
+1.8325728258e+03 +2.6420019648e+06 -9.6833978326e-01 +0.0000000000e+00 +0.0000000000e+00 +3.0557915054e+02 +7.9221335338e-03
+1.8658235540e+03 +2.5319424152e+06 -8.9518818109e-01 +0.0000000000e+00 +0.0000000000e+00 +3.0576202955e+02 +7.8174644576e-03
+1.8994067896e+03 +2.4211792973e+06 -8.2130506290e-01 +0.0000000000e+00 +0.0000000000e+00 +3.0594673734e+02 +7.7131523537e-03
+1.9333258575e+03 +2.3098724235e+06 -7.4668311353e-01 +0.0000000000e+00 +0.0000000000e+00 +3.0613329222e+02 +7.6092098991e-03
+1.9675841161e+03 +2.1982015193e+06 -6.7131494467e-01 +0.0000000000e+00 +0.0000000000e+00 +3.0632171264e+02 +7.5056497655e-03
+2.0021849572e+03 +2.0863674285e+06 -5.9519309411e-01 +0.0000000000e+00 +0.0000000000e+00 +3.0651201726e+02 +7.4024846144e-03
+2.0371318068e+03 +1.9745931771e+06 -5.1831002505e-01 +0.0000000000e+00 +0.0000000000e+00 +3.0670422494e+02 +7.2997270915e-03
+2.0724281249e+03 +1.8631248206e+06 -4.4065812531e-01 +0.0000000000e+00 +0.0000000000e+00 +3.0689835469e+02 +7.1973898215e-03
+2.1080774061e+03 +1.7522319914e+06 -3.6222970656e-01 +0.0000000000e+00 +0.0000000000e+00 +3.0709442573e+02 +7.0954854025e-03
+2.1440831802e+03 +1.6422080418e+06 -2.8301700362e-01 +0.0000000000e+00 +0.0000000000e+00 +3.0729245749e+02 +6.9940264005e-03
+2.1804490120e+03 +1.5333696642e+06 -2.0301217366e-01 +0.0000000000e+00 +0.0000000000e+00 +3.0749246957e+02 +6.8930253439e-03
+2.2171785021e+03 +1.4260558563e+06 -1.2220729540e-01 +0.0000000000e+00 +0.0000000000e+00 +3.0769448176e+02 +6.7924947174e-03
+2.2542752871e+03 +1.3206260852e+06 -4.0594368351e-02 +0.0000000000e+00 +0.0000000000e+00 +3.0789851408e+02 +6.6924469567e-03
+2.2917430400e+03 +1.2174575024e+06 +4.1834687966e-02 +0.0000000000e+00 +0.0000000000e+00 +3.0810458672e+02 +6.5928944424e-03
+2.3295854704e+03 +1.1169410619e+06 +1.2508803485e-01 +0.0000000000e+00 +0.0000000000e+00 +3.0831272009e+02 +6.4938494943e-03
+2.3678063251e+03 +1.0194764143e+06 +2.0917391519e-01 +0.0000000000e+00 +0.0000000000e+00 +3.0852293479e+02 +6.3953243650e-03
+2.4064093883e+03 +9.2546548350e+05 +2.9410065435e-01 +0.0000000000e+00 +0.0000000000e+00 +3.0873525164e+02 +6.2973312347e-03
+2.4453984822e+03 +8.3530468986e+05 +3.7987666089e-01 +0.0000000000e+00 +0.0000000000e+00 +3.0894969165e+02 +6.1998822042e-03
+2.4847774670e+03 +7.4937586989e+05 +4.6651042750e-01 +0.0000000000e+00 +0.0000000000e+00 +3.0916627607e+02 +6.1029892896e-03
+2.5245502417e+03 +6.6803605157e+05 +5.5401053177e-01 +0.0000000000e+00 +0.0000000000e+00 +3.0938502633e+02 +6.0066644156e-03
+2.5647207441e+03 +5.9160638360e+05 +6.4238563709e-01 +0.0000000000e+00 +0.0000000000e+00 +3.0960596409e+02 +5.9109194097e-03
+2.6052929516e+03 +5.2036067102e+05 +7.3164449346e-01 +0.0000000000e+00 +0.0000000000e+00 +3.0982911123e+02 +5.8157659955e-03
+2.6462708811e+03 +4.5451412977e+05 +8.2179593840e-01 +0.0000000000e+00 +0.0000000000e+00 +3.1005448985e+02 +5.7212157872e-03
+2.6876585899e+03 +3.9421311388e+05 +9.1284889778e-01 +0.0000000000e+00 +0.0000000000e+00 +3.1028212224e+02 +5.6272802824e-03
+2.7294601758e+03 +3.3952666489e+05 +1.0048123868e+00 +0.0000000000e+00 +0.0000000000e+00 +3.1051203097e+02 +5.5339708567e-03
+2.7716797776e+03 +2.9044075135e+05 +1.0976955106e+00 +0.0000000000e+00 +0.0000000000e+00 +3.1074423878e+02 +5.4412987567e-03
+2.8143215753e+03 +2.4685597977e+05 +1.1915074657e+00 +0.0000000000e+00 +0.0000000000e+00 +3.1097876866e+02 +5.3492750942e-03
+2.8573897911e+03 +2.0858934910e+05 +1.2862575404e+00 +0.0000000000e+00 +0.0000000000e+00 +3.1121564385e+02 +5.2579108393e-03
+2.9008886890e+03 +1.7538029359e+05 +1.3819551158e+00 +0.0000000000e+00 +0.0000000000e+00 +3.1145488779e+02 +5.1672168147e-03
+2.9448225759e+03 +1.4690084215e+05 +1.4786096670e+00 +0.0000000000e+00 +0.0000000000e+00 +3.1169652417e+02 +5.0772036889e-03
+2.9891958016e+03 +1.2276927357e+05 +1.5762307636e+00 +0.0000000000e+00 +0.0000000000e+00 +3.1194057691e+02 +4.9878819702e-03
+3.0340127597e+03 +1.0256624043e+05 +1.6748280713e+00 +0.0000000000e+00 +0.0000000000e+00 +3.1218707018e+02 +4.8992620002e-03
+3.0792778873e+03 +8.5852047914e+04 +1.7744113520e+00 +0.0000000000e+00 +0.0000000000e+00 +3.1243602838e+02 +4.8113539478e-03
+3.1249956661e+03 +7.2183666968e+04 +1.8749904655e+00 +0.0000000000e+00 +0.0000000000e+00 +3.1268747616e+02 +4.7241678026e-03
+3.1711706228e+03 +6.1130156329e+04 +1.9765753701e+00 +0.0000000000e+00 +0.0000000000e+00 +3.1294143843e+02 +4.6377133688e-03
+3.2178073290e+03 +5.2285446164e+04 +2.0791761238e+00 +0.0000000000e+00 +0.0000000000e+00 +3.1319794031e+02 +4.5520002595e-03
+3.2649104023e+03 +4.5277835640e+04 +2.1828028851e+00 +0.0000000000e+00 +0.0000000000e+00 +3.1345700721e+02 +4.4670378899e-03
+3.3124845063e+03 +3.9775996973e+04 +2.2874659139e+00 +0.0000000000e+00 +0.0000000000e+00 +3.1371866478e+02 +4.3828354717e-03
+3.3605343514e+03 +3.5491677758e+04 +2.3931755731e+00 +0.0000000000e+00 +0.0000000000e+00 +3.1398293893e+02 +4.2994020070e-03
+3.4090646949e+03 +3.2179591781e+04 +2.4999423288e+00 +0.0000000000e+00 +0.0000000000e+00 +3.1424985582e+02 +4.2167462822e-03
+3.4580803419e+03 +2.9635157990e+04 +2.6077767521e+00 +0.0000000000e+00 +0.0000000000e+00 +3.1451944188e+02 +4.1348768625e-03
+3.5075861453e+03 +2.7690791484e+04 +2.7166895196e+00 +0.0000000000e+00 +0.0000000000e+00 +3.1479172380e+02 +4.0538020857e-03
+3.5575870067e+03 +2.6211395935e+04 +2.8266914148e+00 +0.0000000000e+00 +0.0000000000e+00 +3.1506672854e+02 +3.9735300571e-03
+3.6080878768e+03 +2.5089590926e+04 +2.9377933290e+00 +0.0000000000e+00 +0.0000000000e+00 +3.1534448332e+02 +3.8940686432e-03
+3.6590937556e+03 +2.4241066580e+04 +3.0500062622e+00 +0.0000000000e+00 +0.0000000000e+00 +3.1562501566e+02 +3.8154254667e-03
+3.7106096931e+03 +2.3600319881e+04 +3.1633413249e+00 +0.0000000000e+00 +0.0000000000e+00 +3.1590835331e+02 +3.7376079012e-03
+3.7626407901e+03 +2.3116909737e+04 +3.2778097381e+00 +0.0000000000e+00 +0.0000000000e+00 +3.1619452435e+02 +3.6606230656e-03
+3.8151921980e+03 +2.2752278749e+04 +3.3934228355e+00 +0.0000000000e+00 +0.0000000000e+00 +3.1648355709e+02 +3.5844778190e-03
+3.8682691199e+03 +2.2477128967e+04 +3.5101920639e+00 +0.0000000000e+00 +0.0000000000e+00 +3.1677548016e+02 +3.5091787561e-03
+3.9218768111e+03 +2.2269302704e+04 +3.6281289845e+00 +0.0000000000e+00 +0.0000000000e+00 +3.1707032246e+02 +3.4347322018e-03
+3.9760205792e+03 +2.2112101884e+04 +3.7472452743e+00 +0.0000000000e+00 +0.0000000000e+00 +3.1736811319e+02 +3.3611442068e-03
+4.0307057850e+03 +2.1992974666e+04 +3.8675527271e+00 +0.0000000000e+00 +0.0000000000e+00 +3.1766888182e+02 +3.2884205431e-03
+4.0859378429e+03 +2.1902501261e+04 +3.9890632544e+00 +0.0000000000e+00 +0.0000000000e+00 +3.1797265814e+02 +3.2165666994e-03
+4.1417222213e+03 +2.1833618268e+04 +4.1117888869e+00 +0.0000000000e+00 +0.0000000000e+00 +3.1827947222e+02 +3.1455878767e-03
+4.1980644435e+03 +2.1781029934e+04 +4.2357417758e+00 +0.0000000000e+00 +0.0000000000e+00 +3.1858935444e+02 +3.0754889847e-03
+4.2549700880e+03 +2.1740763941e+04 +4.3609341935e+00 +0.0000000000e+00 +0.0000000000e+00 +3.1890233548e+02 +3.0062746375e-03
+4.3124447888e+03 +2.1709837734e+04 +4.4873785355e+00 +0.0000000000e+00 +0.0000000000e+00 +3.1921844634e+02 +2.9379491500e-03
+4.3704942367e+03 +2.1686008708e+04 +4.6150873208e+00 +0.0000000000e+00 +0.0000000000e+00 +3.1953771830e+02 +2.8705165345e-03
+4.4291241791e+03 +2.1667587594e+04 +4.7440731940e+00 +0.0000000000e+00 +0.0000000000e+00 +3.1986018299e+02 +2.8039804972e-03
+4.4883404209e+03 +2.1653299238e+04 +4.8743489260e+00 +0.0000000000e+00 +0.0000000000e+00 +3.2018587231e+02 +2.7383444353e-03
+4.5481488251e+03 +2.1642178790e+04 +5.0059274152e+00 +0.0000000000e+00 +0.0000000000e+00 +3.2051481854e+02 +2.6736114338e-03
+4.6085553134e+03 +2.1633494307e+04 +5.1388216894e+00 +0.0000000000e+00 +0.0000000000e+00 +3.2084705422e+02 +2.6097842631e-03
+4.6695658665e+03 +2.1626688992e+04 +5.2730449063e+00 +0.0000000000e+00 +0.0000000000e+00 +3.2118261227e+02 +2.5468653764e-03
+4.7311865251e+03 +2.1621338056e+04 +5.4086103553e+00 +0.0000000000e+00 +0.0000000000e+00 +3.2152152589e+02 +2.4848569075e-03
+4.7934233904e+03 +2.1617116446e+04 +5.5455314589e+00 +0.0000000000e+00 +0.0000000000e+00 +3.2186382865e+02 +2.4237606687e-03
+4.8562826243e+03 +2.1613774662e+04 +5.6838217735e+00 +0.0000000000e+00 +0.0000000000e+00 +3.2220955443e+02 +2.3635781492e-03
+4.9197704505e+03 +2.1611120590e+04 +5.8234949912e+00 +0.0000000000e+00 +0.0000000000e+00 +3.2255873748e+02 +2.3043105135e-03
+4.9838931551e+03 +2.1609005836e+04 +5.9645649411e+00 +0.0000000000e+00 +0.0000000000e+00 +3.2291141235e+02 +2.2459586001e-03
+5.0486570866e+03 +2.1607315410e+04 +6.1070455905e+00 +0.0000000000e+00 +0.0000000000e+00 +3.2326761398e+02 +2.1885229206e-03
+5.1140686575e+03 +2.1605959918e+04 +6.2509510464e+00 +0.0000000000e+00 +0.0000000000e+00 +3.2362737762e+02 +2.1320036588e-03
+5.1801343440e+03 +2.1604869643e+04 +6.3962955569e+00 +0.0000000000e+00 +0.0000000000e+00 +3.2399073889e+02 +2.0764006704e-03
+5.2468606875e+03 +2.1603990043e+04 +6.5430935125e+00 +0.0000000000e+00 +0.0000000000e+00 +3.2435773378e+02 +2.0217134824e-03
+5.3142542944e+03 +2.1603278311e+04 +6.6913594476e+00 +0.0000000000e+00 +0.0000000000e+00 +3.2472839862e+02 +1.9679412936e-03
+5.3823218373e+03 +2.1602700744e+04 +6.8411080421e+00 +0.0000000000e+00 +0.0000000000e+00 +3.2510277011e+02 +1.9150829747e-03
+5.4510700557e+03 +2.1602230729e+04 +6.9923541225e+00 +0.0000000000e+00 +0.0000000000e+00 +3.2548088531e+02 +1.8631370688e-03
+5.5205057562e+03 +2.1601847182e+04 +7.1451126637e+00 +0.0000000000e+00 +0.0000000000e+00 +3.2586278166e+02 +1.8121017926e-03
+5.5906358138e+03 +2.1601533354e+04 +7.2993987904e+00 +0.0000000000e+00 +0.0000000000e+00 +3.2624849698e+02 +1.7619750369e-03
+5.6614671719e+03 +2.1601275898e+04 +7.4552277783e+00 +0.0000000000e+00 +0.0000000000e+00 +3.2663806945e+02 +1.7127543688e-03
+5.7330068437e+03 +2.1601064148e+04 +7.6126150560e+00 +0.0000000000e+00 +0.0000000000e+00 +3.2703153764e+02 +1.6644370331e-03
+5.8052619121e+03 +2.1600889553e+04 +7.7715762066e+00 +0.0000000000e+00 +0.0000000000e+00 +3.2742894052e+02 +1.6170199539e-03
+5.8782395312e+03 +2.1600745246e+04 +7.9321269687e+00 +0.0000000000e+00 +0.0000000000e+00 +3.2783031742e+02 +1.5704997377e-03
+5.9519469265e+03 +2.1600625689e+04 +8.0942832384e+00 +0.0000000000e+00 +0.0000000000e+00 +3.2823570810e+02 +1.5248726751e-03
+6.0263913958e+03 +2.1600526408e+04 +8.2580610707e+00 +0.0000000000e+00 +0.0000000000e+00 +3.2864515268e+02 +1.4801347444e-03
+6.1015803097e+03 +2.1600443779e+04 +8.4234766814e+00 +0.0000000000e+00 +0.0000000000e+00 +3.2905869170e+02 +1.4362816142e-03
+6.1775211128e+03 +2.1600374859e+04 +8.5905464483e+00 +0.0000000000e+00 +0.0000000000e+00 +3.2947636612e+02 +1.3933086471e-03
+6.2542213240e+03 +2.1600317251e+04 +8.7592869127e+00 +0.0000000000e+00 +0.0000000000e+00 +3.2989821728e+02 +1.3512109033e-03
+6.3316885372e+03 +2.1600268997e+04 +8.9297147819e+00 +0.0000000000e+00 +0.0000000000e+00 +3.3032428695e+02 +1.3099831448e-03
+6.4099304226e+03 +2.1600228497e+04 +9.1018469297e+00 +0.0000000000e+00 +0.0000000000e+00 +3.3075461732e+02 +1.2696198392e-03
+6.4889547268e+03 +2.1600194438e+04 +9.2757003990e+00 +0.0000000000e+00 +0.0000000000e+00 +3.3118925100e+02 +1.2301151646e-03
+6.5687692741e+03 +2.1600165740e+04 +9.4512924030e+00 +0.0000000000e+00 +0.0000000000e+00 +3.3162823101e+02 +1.1914630143e-03
+6.6493819668e+03 +2.1600141515e+04 +9.6286403270e+00 +0.0000000000e+00 +0.0000000000e+00 +3.3207160082e+02 +1.1536570021e-03
+6.7308007865e+03 +2.1600121027e+04 +9.8077617303e+00 +0.0000000000e+00 +0.0000000000e+00 +3.3251940433e+02 +1.1166904672e-03
+6.8130337944e+03 +2.1600103670e+04 +9.9886743476e+00 +0.0000000000e+00 +0.0000000000e+00 +3.3297168587e+02 +1.0805564800e-03
+6.8960891323e+03 +2.1600088939e+04 +1.0171396091e+01 +0.0000000000e+00 +0.0000000000e+00 +3.3342849023e+02 +1.0452478481e-03
+6.9799750236e+03 +2.1600076416e+04 +1.0355945052e+01 +0.0000000000e+00 +0.0000000000e+00 +3.3388986263e+02 +1.0107571222e-03
