
      z (m)          factor (-)         u (m s-1)         v (m s-1)         w (m s-1)          thl (K)        qt (kg kg-1)    
# 0.00000000E+00
+7.5000000000e+00 +7.5548240924e+06 -4.9835000000e+00 +0.0000000000e+00 +0.0000000000e+00 +2.9625000000e+02 +1.5000000000e-02
+2.2500000000e+01 +7.5261719898e+06 -4.9505000000e+00 +0.0000000000e+00 +0.0000000000e+00 +2.9625000000e+02 +1.5000000000e-02
+3.7650000000e+01 +7.4970634806e+06 -4.9171700000e+00 +0.0000000000e+00 +0.0000000000e+00 +2.9625000000e+02 +1.5000000000e-02
+5.2951500000e+01 +7.4674894005e+06 -4.8835067000e+00 +0.0000000000e+00 +0.0000000000e+00 +2.9625000000e+02 +1.5000000000e-02
+6.8406015000e+01 +7.4374403620e+06 -4.8495067670e+00 +0.0000000000e+00 +0.0000000000e+00 +2.9625000000e+02 +1.5000000000e-02
+8.4015075150e+01 +7.4069067488e+06 -4.8151668347e+00 +0.0000000000e+00 +0.0000000000e+00 +2.9625000000e+02 +1.5000000000e-02
+9.9780225902e+01 +7.3758787095e+06 -4.7804835030e+00 +0.0000000000e+00 +0.0000000000e+00 +2.9625000000e+02 +1.5000000000e-02
+1.1570302816e+02 +7.3443461514e+06 -4.7454533380e+00 +0.0000000000e+00 +0.0000000000e+00 +2.9625000000e+02 +1.5000000000e-02
+1.3178505844e+02 +7.3122987343e+06 -4.7100728714e+00 +0.0000000000e+00 +0.0000000000e+00 +2.9625000000e+02 +1.5000000000e-02
+1.4802790903e+02 +7.2797258644e+06 -4.6743386001e+00 +0.0000000000e+00 +0.0000000000e+00 +2.9625000000e+02 +1.5000000000e-02
+1.6443318812e+02 +7.2466166872e+06 -4.6382469861e+00 +0.0000000000e+00 +0.0000000000e+00 +2.9625000000e+02 +1.5000000000e-02
+1.8100252000e+02 +7.2129600817e+06 -4.6017944560e+00 +0.0000000000e+00 +0.0000000000e+00 +2.9625000000e+02 +1.5000000000e-02
+1.9773754520e+02 +7.1787446529e+06 -4.5649774006e+00 +0.0000000000e+00 +0.0000000000e+00 +2.9625000000e+02 +1.5000000000e-02
+2.1463992065e+02 +7.1439587256e+06 -4.5277921746e+00 +0.0000000000e+00 +0.0000000000e+00 +2.9625000000e+02 +1.5000000000e-02
+2.3171131986e+02 +7.1085903372e+06 -4.4902350963e+00 +0.0000000000e+00 +0.0000000000e+00 +2.9625000000e+02 +1.5000000000e-02
+2.4895343305e+02 +7.0726272310e+06 -4.4523024473e+00 +0.0000000000e+00 +0.0000000000e+00 +2.9625000000e+02 +1.5000000000e-02
+2.6636796739e+02 +7.0360568491e+06 -4.4139904718e+00 +0.0000000000e+00 +0.0000000000e+00 +2.9625000000e+02 +1.5000000000e-02
+2.8395664706e+02 +6.9988663253e+06 -4.3752953765e+00 +0.0000000000e+00 +0.0000000000e+00 +2.9625000000e+02 +1.5000000000e-02
+3.0172121353e+02 +6.9610424782e+06 -4.3362133302e+00 +0.0000000000e+00 +0.0000000000e+00 +2.9625000000e+02 +1.5000000000e-02
+3.1966342567e+02 +6.9225718043e+06 -4.2967404635e+00 +0.0000000000e+00 +0.0000000000e+00 +2.9625000000e+02 +1.5000000000e-02
+3.3778505992e+02 +6.8834404704e+06 -4.2568728682e+00 +0.0000000000e+00 +0.0000000000e+00 +2.9625000000e+02 +1.5000000000e-02
+3.5608791052e+02 +6.8436343075e+06 -4.2166065969e+00 +0.0000000000e+00 +0.0000000000e+00 +2.9625000000e+02 +1.5000000000e-02
+3.7457378963e+02 +6.8031388033e+06 -4.1759376628e+00 +0.0000000000e+00 +0.0000000000e+00 +2.9625000000e+02 +1.5000000000e-02
+3.9324452752e+02 +6.7619390957e+06 -4.1348620395e+00 +0.0000000000e+00 +0.0000000000e+00 +2.9625000000e+02 +1.5000000000e-02
+4.1210197280e+02 +6.7200199664e+06 -4.0933756598e+00 +0.0000000000e+00 +0.0000000000e+00 +2.9625000000e+02 +1.5000000000e-02
+4.3114799253e+02 +6.6773658342e+06 -4.0514744164e+00 +0.0000000000e+00 +0.0000000000e+00 +2.9625000000e+02 +1.5000000000e-02
+4.5038447245e+02 +6.6339607493e+06 -4.0091541606e+00 +0.0000000000e+00 +0.0000000000e+00 +2.9625000000e+02 +1.5000000000e-02
+4.6981331718e+02 +6.5897883873e+06 -3.9664107022e+00 +0.0000000000e+00 +0.0000000000e+00 +2.9625000000e+02 +1.5000000000e-02
+4.8943645035e+02 +6.5448320441e+06 -3.9232398092e+00 +0.0000000000e+00 +0.0000000000e+00 +2.9625000000e+02 +1.5000000000e-02
+5.0925581485e+02 +6.4990746307e+06 -3.8796372073e+00 +0.0000000000e+00 +0.0000000000e+00 +2.9629165117e+02 +1.4944567788e-02
+5.2927337300e+02 +6.4524986694e+06 -3.8355985794e+00 +0.0000000000e+00 +0.0000000000e+00 +2.9638173018e+02 +1.4825384077e-02
+5.4949110673e+02 +6.4050862897e+06 -3.7911195652e+00 +0.0000000000e+00 +0.0000000000e+00 +2.9647270998e+02 +1.4705973303e-02
+5.6991101780e+02 +6.3568192257e+06 -3.7461957608e+00 +0.0000000000e+00 +0.0000000000e+00 +2.9656459958e+02 +1.4586344663e-02
+5.9053512797e+02 +6.3076788141e+06 -3.7008227185e+00 +0.0000000000e+00 +0.0000000000e+00 +2.9665740808e+02 +1.4466507498e-02
+6.1136547925e+02 +6.2576459933e+06 -3.6549959456e+00 +0.0000000000e+00 +0.0000000000e+00 +2.9675114466e+02 +1.4346471298e-02
+6.3240413405e+02 +6.2067013036e+06 -3.6087109051e+00 +0.0000000000e+00 +0.0000000000e+00 +2.9684581860e+02 +1.4226245702e-02
+6.5365317539e+02 +6.1548248887e+06 -3.5619630141e+00 +0.0000000000e+00 +0.0000000000e+00 +2.9694143929e+02 +1.4105840493e-02
+6.7511470714e+02 +6.1019964991e+06 -3.5147476443e+00 +0.0000000000e+00 +0.0000000000e+00 +2.9703801618e+02 +1.3985265600e-02
+6.9679085421e+02 +6.0481954971e+06 -3.4670601207e+00 +0.0000000000e+00 +0.0000000000e+00 +2.9713555884e+02 +1.3864531098e-02
+7.1868376275e+02 +5.9934008633e+06 -3.4188957219e+00 +0.0000000000e+00 +0.0000000000e+00 +2.9723407693e+02 +1.3743647206e-02
+7.4079560038e+02 +5.9375912065e+06 -3.3702496792e+00 +0.0000000000e+00 +0.0000000000e+00 +2.9733358020e+02 +1.3622624285e-02
+7.6312855639e+02 +5.8807447748e+06 -3.3211171760e+00 +0.0000000000e+00 +0.0000000000e+00 +2.9743407850e+02 +1.3501472837e-02
+7.8568484195e+02 +5.8228394712e+06 -3.2714933477e+00 +0.0000000000e+00 +0.0000000000e+00 +2.9753558179e+02 +1.3380203506e-02
+8.0846669037e+02 +5.7638528708e+06 -3.2213732812e+00 +0.0000000000e+00 +0.0000000000e+00 +2.9763810011e+02 +1.3258827075e-02
+8.3147635727e+02 +5.7037622433e+06 -3.1707520140e+00 +0.0000000000e+00 +0.0000000000e+00 +2.9774164361e+02 +1.3137354463e-02
+8.5471612085e+02 +5.6425445785e+06 -3.1196245341e+00 +0.0000000000e+00 +0.0000000000e+00 +2.9784622254e+02 +1.3015796729e-02
+8.7818828205e+02 +5.5801766174e+06 -3.0679857795e+00 +0.0000000000e+00 +0.0000000000e+00 +2.9795184727e+02 +1.2894165062e-02
+9.0189516487e+02 +5.5166348879e+06 -3.0158306373e+00 +0.0000000000e+00 +0.0000000000e+00 +2.9805852824e+02 +1.2772470788e-02
+9.2583911652e+02 +5.4518957470e+06 -2.9631539436e+00 +0.0000000000e+00 +0.0000000000e+00 +2.9816627602e+02 +1.2650725363e-02
+9.5002250769e+02 +5.3859354293e+06 -2.9099504831e+00 +0.0000000000e+00 +0.0000000000e+00 +2.9827510128e+02 +1.2528940372e-02
+9.7444773277e+02 +5.3187301033e+06 -2.8562149879e+00 +0.0000000000e+00 +0.0000000000e+00 +2.9838501480e+02 +1.2407127526e-02
+9.9911721009e+02 +5.2502559359e+06 -2.8019421378e+00 +0.0000000000e+00 +0.0000000000e+00 +2.9849602745e+02 +1.2285298665e-02
+1.0240333822e+03 +5.1804891661e+06 -2.7471265592e+00 +0.0000000000e+00 +0.0000000000e+00 +2.9860815022e+02 +1.2163465750e-02
+1.0491987160e+03 +5.1094061899e+06 -2.6917628248e+00 +0.0000000000e+00 +0.0000000000e+00 +2.9872139422e+02 +1.2041640861e-02
+1.0746157032e+03 +5.0369836559e+06 -2.6358454530e+00 +0.0000000000e+00 +0.0000000000e+00 +2.9883577066e+02 +1.1919836199e-02
+1.1002868602e+03 +4.9631985747e+06 -2.5793689075e+00 +0.0000000000e+00 +0.0000000000e+00 +2.9895129087e+02 +1.1798064080e-02
+1.1262147288e+03 +4.8880284428e+06 -2.5223275966e+00 +0.0000000000e+00 +0.0000000000e+00 +2.9906796628e+02 +1.1676336934e-02
+1.1524018761e+03 +4.8114513821e+06 -2.4647158726e+00 +0.0000000000e+00 +0.0000000000e+00 +2.9918580844e+02 +1.1554667301e-02
+1.1788508949e+03 +4.7334462985e+06 -2.4065280313e+00 +0.0000000000e+00 +0.0000000000e+00 +2.9930482903e+02 +1.1433067828e-02
+1.2055644038e+03 +4.6539930594e+06 -2.3477583116e+00 +0.0000000000e+00 +0.0000000000e+00 +2.9942503982e+02 +1.1311551267e-02
+1.2325450478e+03 +4.5730726942e+06 -2.2884008947e+00 +0.0000000000e+00 +0.0000000000e+00 +2.9954645272e+02 +1.1190130472e-02
+1.2597954983e+03 +4.4906676192e+06 -2.2284499037e+00 +0.0000000000e+00 +0.0000000000e+00 +2.9966907974e+02 +1.1068818396e-02
+1.2873184533e+03 +4.4067618897e+06 -2.1678994027e+00 +0.0000000000e+00 +0.0000000000e+00 +2.9979293304e+02 +1.0947628087e-02
+1.3151166378e+03 +4.3213414822e+06 -2.1067433967e+00 +0.0000000000e+00 +0.0000000000e+00 +2.9991802487e+02 +1.0826572684e-02
+1.3431928042e+03 +4.2343946099e+06 -2.0449758307e+00 +0.0000000000e+00 +0.0000000000e+00 +3.0004436762e+02 +1.0705665415e-02
+1.3715497323e+03 +4.1459120746e+06 -1.9825905890e+00 +0.0000000000e+00 +0.0000000000e+00 +3.0017197380e+02 +1.0584919593e-02
+1.4001902296e+03 +4.0558876582e+06 -1.9195814949e+00 +0.0000000000e+00 +0.0000000000e+00 +3.0030085603e+02 +1.0464348609e-02
+1.4291171319e+03 +3.9643185591e+06 -1.8559423099e+00 +0.0000000000e+00 +0.0000000000e+00 +3.0043102709e+02 +1.0343965936e-02
+1.4583333032e+03 +3.8712058743e+06 -1.7916667330e+00 +0.0000000000e+00 +0.0000000000e+00 +3.0056249986e+02 +1.0223785116e-02
+1.4878416362e+03 +3.7765551354e+06 -1.7267484003e+00 +0.0000000000e+00 +0.0000000000e+00 +3.0069528736e+02 +1.0103819762e-02
+1.5176450526e+03 +3.6803768984e+06 -1.6611808843e+00 +0.0000000000e+00 +0.0000000000e+00 +3.0082940274e+02 +9.9840835508e-03
+1.5477465031e+03 +3.5826873951e+06 -1.5949576931e+00 +0.0000000000e+00 +0.0000000000e+00 +3.0096485926e+02 +9.8645902202e-03
+1.5781489682e+03 +3.4835092468e+06 -1.5280722701e+00 +0.0000000000e+00 +0.0000000000e+00 +3.0110167036e+02 +9.7453535636e-03
+1.6088554578e+03 +3.3828722471e+06 -1.4605179928e+00 +0.0000000000e+00 +0.0000000000e+00 +3.0123984956e+02 +9.6263874263e-03
+1.6398690124e+03 +3.2808142140e+06 -1.3922881727e+00 +0.0000000000e+00 +0.0000000000e+00 +3.0137941056e+02 +9.5077057000e-03
+1.6711927025e+03 +3.1773819162e+06 -1.3233760544e+00 +0.0000000000e+00 +0.0000000000e+00 +3.0152036716e+02 +9.3893223187e-03
+1.7028296296e+03 +3.0726320725e+06 -1.2537748150e+00 +0.0000000000e+00 +0.0000000000e+00 +3.0166273333e+02 +9.2712512536e-03
+1.7347829259e+03 +2.9666324262e+06 -1.1834775631e+00 +0.0000000000e+00 +0.0000000000e+00 +3.0180652317e+02 +9.1535065077e-03
+1.7670557551e+03 +2.8594628898e+06 -1.1124773388e+00 +0.0000000000e+00 +0.0000000000e+00 +3.0195175090e+02 +9.0361021115e-03
+1.7996513127e+03 +2.7512167559e+06 -1.0407671121e+00 +0.0000000000e+00 +0.0000000000e+00 +3.0209843091e+02 +8.9190521170e-03
+1.8325728258e+03 +2.6420019648e+06 -9.6833978326e-01 +0.0000000000e+00 +0.0000000000e+00 +3.0224657772e+02 +8.8023705931e-03
+1.8658235540e+03 +2.5319424152e+06 -8.9518818109e-01 +0.0000000000e+00 +0.0000000000e+00 +3.0239620599e+02 +8.6860716196e-03
+1.8994067896e+03 +2.4211792973e+06 -8.2130506290e-01 +0.0000000000e+00 +0.0000000000e+00 +3.0254733055e+02 +8.5701692819e-03
+1.9333258575e+03 +2.3098724235e+06 -7.4668311353e-01 +0.0000000000e+00 +0.0000000000e+00 +3.0269996636e+02 +8.4546776657e-03
+1.9675841161e+03 +2.1982015193e+06 -6.7131494467e-01 +0.0000000000e+00 +0.0000000000e+00 +3.0285412852e+02 +8.3396108506e-03
+2.0021849572e+03 +2.0863674285e+06 -5.9519309411e-01 +0.0000000000e+00 +0.0000000000e+00 +3.0300983231e+02 +8.2249829049e-03
+2.0371318068e+03 +1.9745931771e+06 -5.1831002505e-01 +0.0000000000e+00 +0.0000000000e+00 +3.0316709313e+02 +8.1108078794e-03
+2.0724281249e+03 +1.8631248206e+06 -4.4065812531e-01 +0.0000000000e+00 +0.0000000000e+00 +3.0332592656e+02 +7.9970998016e-03
+2.1080774061e+03 +1.7522319914e+06 -3.6222970656e-01 +0.0000000000e+00 +0.0000000000e+00 +3.0348634833e+02 +7.8838726694e-03
+2.1440831802e+03 +1.6422080418e+06 -2.8301700362e-01 +0.0000000000e+00 +0.0000000000e+00 +3.0364837431e+02 +7.7711404450e-03
+2.1804490120e+03 +1.5333696642e+06 -2.0301217366e-01 +0.0000000000e+00 +0.0000000000e+00 +3.0381202055e+02 +7.6589170488e-03
+2.2171785021e+03 +1.4260558563e+06 -1.2220729540e-01 +0.0000000000e+00 +0.0000000000e+00 +3.0397730326e+02 +7.5472163527e-03
+2.2542752871e+03 +1.3206260852e+06 -4.0594368351e-02 +0.0000000000e+00 +0.0000000000e+00 +3.0414423879e+02 +7.4360521741e-03
+2.2917430400e+03 +1.2174575024e+06 +4.1834687966e-02 +0.0000000000e+00 +0.0000000000e+00 +3.0431284368e+02 +7.3254382694e-03
+2.3295854704e+03 +1.1169410619e+06 +1.2508803485e-01 +0.0000000000e+00 +0.0000000000e+00 +3.0448313462e+02 +7.2153883270e-03
+2.3678063251e+03 +1.0194764143e+06 +2.0917391519e-01 +0.0000000000e+00 +0.0000000000e+00 +3.0465512846e+02 +7.1059159612e-03
+2.4064093883e+03 +9.2546548350e+05 +2.9410065435e-01 +0.0000000000e+00 +0.0000000000e+00 +3.0482884225e+02 +6.9970347052e-03
+2.4453984822e+03 +8.3530468986e+05 +3.7987666089e-01 +0.0000000000e+00 +0.0000000000e+00 +3.0500429317e+02 +6.8887580047e-03
+2.4847774670e+03 +7.4937586989e+05 +4.6651042750e-01 +0.0000000000e+00 +0.0000000000e+00 +3.0518149860e+02 +6.7810992107e-03
+2.5245502417e+03 +6.6803605157e+05 +5.5401053177e-01 +0.0000000000e+00 +0.0000000000e+00 +3.0536047609e+02 +6.6740715729e-03
+2.5647207441e+03 +5.9160638360e+05 +6.4238563709e-01 +0.0000000000e+00 +0.0000000000e+00 +3.0554124335e+02 +6.5676882330e-03
+2.6052929516e+03 +5.2036067102e+05 +7.3164449346e-01 +0.0000000000e+00 +0.0000000000e+00 +3.0572381828e+02 +6.4619622173e-03
+2.6462708811e+03 +4.5451412977e+05 +8.2179593840e-01 +0.0000000000e+00 +0.0000000000e+00 +3.0590821896e+02 +6.3569064302e-03
+2.6876585899e+03 +3.9421311388e+05 +9.1284889778e-01 +0.0000000000e+00 +0.0000000000e+00 +3.0609446365e+02 +6.2525336471e-03
+2.7294601758e+03 +3.3952666489e+05 +1.0048123868e+00 +0.0000000000e+00 +0.0000000000e+00 +3.0628257079e+02 +6.1488565074e-03
+2.7716797776e+03 +2.9044075135e+05 +1.0976955106e+00 +0.0000000000e+00 +0.0000000000e+00 +3.0647255900e+02 +6.0458875075e-03
+2.8143215753e+03 +2.4685597977e+05 +1.1915074657e+00 +0.0000000000e+00 +0.0000000000e+00 +3.0666444709e+02 +5.9436389935e-03
+2.8573897911e+03 +2.0858934910e+05 +1.2862575404e+00 +0.0000000000e+00 +0.0000000000e+00 +3.0685825406e+02 +5.8421231548e-03
+2.9008886890e+03 +1.7538029359e+05 +1.3819551158e+00 +0.0000000000e+00 +0.0000000000e+00 +3.0705399910e+02 +5.7413520163e-03
+2.9448225759e+03 +1.4690084215e+05 +1.4786096670e+00 +0.0000000000e+00 +0.0000000000e+00 +3.0725170159e+02 +5.6413374321e-03
+2.9891958016e+03 +1.2276927357e+05 +1.5762307636e+00 +0.0000000000e+00 +0.0000000000e+00 +3.0745138111e+02 +5.5420910780e-03
+3.0340127597e+03 +1.0256624043e+05 +1.6748280713e+00 +0.0000000000e+00 +0.0000000000e+00 +3.0765305742e+02 +5.4436244447e-03
+3.0792778873e+03 +8.5852047914e+04 +1.7744113520e+00 +0.0000000000e+00 +0.0000000000e+00 +3.0785675049e+02 +5.3459488309e-03
+3.1249956661e+03 +7.2183666968e+04 +1.8749904655e+00 +0.0000000000e+00 +0.0000000000e+00 +3.0806248050e+02 +5.2490753362e-03
+3.1711706228e+03 +6.1130156329e+04 +1.9765753701e+00 +0.0000000000e+00 +0.0000000000e+00 +3.0827026780e+02 +5.1530148543e-03
+3.2178073290e+03 +5.2285446164e+04 +2.0791761238e+00 +0.0000000000e+00 +0.0000000000e+00 +3.0848013298e+02 +5.0577780661e-03
+3.2649104023e+03 +4.5277835640e+04 +2.1828028851e+00 +0.0000000000e+00 +0.0000000000e+00 +3.0869209681e+02 +4.9633754332e-03
+3.3124845063e+03 +3.9775996973e+04 +2.2874659139e+00 +0.0000000000e+00 +0.0000000000e+00 +3.0890618028e+02 +4.8698171908e-03
+3.3605343514e+03 +3.5491677758e+04 +2.3931755731e+00 +0.0000000000e+00 +0.0000000000e+00 +3.0912240458e+02 +4.7771133411e-03
+3.4090646949e+03 +3.2179591781e+04 +2.4999423288e+00 +0.0000000000e+00 +0.0000000000e+00 +3.0934079113e+02 +4.6852736469e-03
+3.4580803419e+03 +2.9635157990e+04 +2.6077767521e+00 +0.0000000000e+00 +0.0000000000e+00 +3.0956136154e+02 +4.5943076250e-03
+3.5075861453e+03 +2.7690791484e+04 +2.7166895196e+00 +0.0000000000e+00 +0.0000000000e+00 +3.0978413765e+02 +4.5042245397e-03
+3.5575870067e+03 +2.6211395935e+04 +2.8266914148e+00 +0.0000000000e+00 +0.0000000000e+00 +3.1000914153e+02 +4.4150333967e-03
+3.6080878768e+03 +2.5089590926e+04 +2.9377933290e+00 +0.0000000000e+00 +0.0000000000e+00 +3.1023639545e+02 +4.3267429368e-03
+3.6590937556e+03 +2.4241066580e+04 +3.0500062622e+00 +0.0000000000e+00 +0.0000000000e+00 +3.1046592190e+02 +4.2393616297e-03
+3.7106096931e+03 +2.3600319881e+04 +3.1633413249e+00 +0.0000000000e+00 +0.0000000000e+00 +3.1069774362e+02 +4.1528976680e-03
+3.7626407901e+03 +2.3116909737e+04 +3.2778097381e+00 +0.0000000000e+00 +0.0000000000e+00 +3.1093188356e+02 +4.0673589618e-03
+3.8151921980e+03 +2.2752278749e+04 +3.3934228355e+00 +0.0000000000e+00 +0.0000000000e+00 +3.1116836489e+02 +3.9827531322e-03
+3.8682691199e+03 +2.2477128967e+04 +3.5101920639e+00 +0.0000000000e+00 +0.0000000000e+00 +3.1140721104e+02 +3.8990875067e-03
+3.9218768111e+03 +2.2269302704e+04 +3.6281289845e+00 +0.0000000000e+00 +0.0000000000e+00 +3.1164844565e+02 +3.8163691131e-03
+3.9760205792e+03 +2.2112101884e+04 +3.7472452743e+00 +0.0000000000e+00 +0.0000000000e+00 +3.1189209261e+02 +3.7346046742e-03
+4.0307057850e+03 +2.1992974666e+04 +3.8675527271e+00 +0.0000000000e+00 +0.0000000000e+00 +3.1213817603e+02 +3.6538006035e-03
+4.0859378429e+03 +2.1902501261e+04 +3.9890632544e+00 +0.0000000000e+00 +0.0000000000e+00 +3.1238672029e+02 +3.5739629993e-03
+4.1417222213e+03 +2.1833618268e+04 +4.1117888869e+00 +0.0000000000e+00 +0.0000000000e+00 +3.1263775000e+02 +3.4950976408e-03
+4.1980644435e+03 +2.1781029934e+04 +4.2357417758e+00 +0.0000000000e+00 +0.0000000000e+00 +3.1289129000e+02 +3.4172099830e-03
+4.2549700880e+03 +2.1740763941e+04 +4.3609341935e+00 +0.0000000000e+00 +0.0000000000e+00 +3.1314736540e+02 +3.3403051528e-03
+4.3124447888e+03 +2.1709837734e+04 +4.4873785355e+00 +0.0000000000e+00 +0.0000000000e+00 +3.1340600155e+02 +3.2643879444e-03
+4.3704942367e+03 +2.1686008708e+04 +4.6150873208e+00 +0.0000000000e+00 +0.0000000000e+00 +3.1366722407e+02 +3.1894628161e-03
+4.4291241791e+03 +2.1667587594e+04 +4.7440731940e+00 +0.0000000000e+00 +0.0000000000e+00 +3.1393105881e+02 +3.1155338858e-03
+4.4883404209e+03 +2.1653299238e+04 +4.8743489260e+00 +0.0000000000e+00 +0.0000000000e+00 +3.1419753189e+02 +3.0426049281e-03
+4.5481488251e+03 +2.1642178790e+04 +5.0059274152e+00 +0.0000000000e+00 +0.0000000000e+00 +3.1446666971e+02 +2.9706793709e-03
+4.6085553134e+03 +2.1633494307e+04 +5.1388216894e+00 +0.0000000000e+00 +0.0000000000e+00 +3.1473849891e+02 +2.8997602923e-03
+4.6695658665e+03 +2.1626688992e+04 +5.2730449063e+00 +0.0000000000e+00 +0.0000000000e+00 +3.1501304640e+02 +2.8298504182e-03
+4.7311865251e+03 +2.1621338056e+04 +5.4086103553e+00 +0.0000000000e+00 +0.0000000000e+00 +3.1529033936e+02 +2.7609521194e-03
+4.7934233904e+03 +2.1617116446e+04 +5.5455314589e+00 +0.0000000000e+00 +0.0000000000e+00 +3.1557040526e+02 +2.6930674096e-03
+4.8562826243e+03 +2.1613774662e+04 +5.6838217735e+00 +0.0000000000e+00 +0.0000000000e+00 +3.1585327181e+02 +2.6261979435e-03
+4.9197704505e+03 +2.1611120590e+04 +5.8234949912e+00 +0.0000000000e+00 +0.0000000000e+00 +3.1613896703e+02 +2.5603450150e-03
+4.9838931551e+03 +2.1609005836e+04 +5.9645649411e+00 +0.0000000000e+00 +0.0000000000e+00 +3.1642751920e+02 +2.4955095557e-03
+5.0486570866e+03 +2.1607315410e+04 +6.1070455905e+00 +0.0000000000e+00 +0.0000000000e+00 +3.1671895689e+02 +2.4316921340e-03
+5.1140686575e+03 +2.1605959918e+04 +6.2509510464e+00 +0.0000000000e+00 +0.0000000000e+00 +3.1701330896e+02 +2.3688929543e-03
+5.1801343440e+03 +2.1604869643e+04 +6.3962955569e+00 +0.0000000000e+00 +0.0000000000e+00 +3.1731060455e+02 +2.3071118560e-03
+5.2468606875e+03 +2.1603990043e+04 +6.5430935125e+00 +0.0000000000e+00 +0.0000000000e+00 +3.1761087309e+02 +2.2463483138e-03
+5.3142542944e+03 +2.1603278311e+04 +6.6913594476e+00 +0.0000000000e+00 +0.0000000000e+00 +3.1791414432e+02 +2.1866014373e-03
+5.3823218373e+03 +2.1602700744e+04 +6.8411080421e+00 +0.0000000000e+00 +0.0000000000e+00 +3.1822044827e+02 +2.1278699719e-03
+5.4510700557e+03 +2.1602230729e+04 +6.9923541225e+00 +0.0000000000e+00 +0.0000000000e+00 +3.1852981525e+02 +2.0701522987e-03
+5.5205057562e+03 +2.1601847182e+04 +7.1451126637e+00 +0.0000000000e+00 +0.0000000000e+00 +3.1884227590e+02 +2.0134464362e-03
+5.5906358138e+03 +2.1601533354e+04 +7.2993987904e+00 +0.0000000000e+00 +0.0000000000e+00 +3.1915786116e+02 +1.9577500410e-03
+5.6614671719e+03 +2.1601275898e+04 +7.4552277783e+00 +0.0000000000e+00 +0.0000000000e+00 +3.1947660227e+02 +1.9030604098e-03
+5.7330068437e+03 +2.1601064148e+04 +7.6126150560e+00 +0.0000000000e+00 +0.0000000000e+00 +3.1979853080e+02 +1.8493744812e-03
+5.8052619121e+03 +2.1600889553e+04 +7.7715762066e+00 +0.0000000000e+00 +0.0000000000e+00 +3.2012367860e+02 +1.7966888377e-03
+5.8782395312e+03 +2.1600745246e+04 +7.9321269687e+00 +0.0000000000e+00 +0.0000000000e+00 +3.2045207789e+02 +1.7449997085e-03
+5.9519469265e+03 +2.1600625689e+04 +8.0942832384e+00 +0.0000000000e+00 +0.0000000000e+00 +3.2078376117e+02 +1.6943029723e-03
+6.0263913958e+03 +2.1600526408e+04 +8.2580610707e+00 +0.0000000000e+00 +0.0000000000e+00 +3.2111876128e+02 +1.6445941604e-03
+6.1015803097e+03 +2.1600443779e+04 +8.4234766814e+00 +0.0000000000e+00 +0.0000000000e+00 +3.2145711139e+02 +1.5958684602e-03
+6.1775211128e+03 +2.1600374859e+04 +8.5905464483e+00 +0.0000000000e+00 +0.0000000000e+00 +3.2179884501e+02 +1.5481207190e-03
+6.2542213240e+03 +2.1600317251e+04 +8.7592869127e+00 +0.0000000000e+00 +0.0000000000e+00 +3.2214399596e+02 +1.5013454482e-03
+6.3316885372e+03 +2.1600268997e+04 +8.9297147819e+00 +0.0000000000e+00 +0.0000000000e+00 +3.2249259842e+02 +1.4555368275e-03
+6.4099304226e+03 +2.1600228497e+04 +9.1018469297e+00 +0.0000000000e+00 +0.0000000000e+00 +3.2284468690e+02 +1.4106887102e-03
+6.4889547268e+03 +2.1600194438e+04 +9.2757003990e+00 +0.0000000000e+00 +0.0000000000e+00 +3.2320029627e+02 +1.3667946273e-03
+6.5687692741e+03 +2.1600165740e+04 +9.4512924030e+00 +0.0000000000e+00 +0.0000000000e+00 +3.2355946173e+02 +1.3238477937e-03
+6.6493819668e+03 +2.1600141515e+04 +9.6286403270e+00 +0.0000000000e+00 +0.0000000000e+00 +3.2392221885e+02 +1.2818411135e-03
+6.7308007865e+03 +2.1600121027e+04 +9.8077617303e+00 +0.0000000000e+00 +0.0000000000e+00 +3.2428860354e+02 +1.2407671858e-03
+6.8130337944e+03 +2.1600103670e+04 +9.9886743476e+00 +0.0000000000e+00 +0.0000000000e+00 +3.2465865207e+02 +1.2006183111e-03
+6.8960891323e+03 +2.1600088939e+04 +1.0171396091e+01 +0.0000000000e+00 +0.0000000000e+00 +3.2503240110e+02 +1.1613864979e-03
+6.9799750236e+03 +2.1600076416e+04 +1.0355945052e+01 +0.0000000000e+00 +0.0000000000e+00 +3.2540988761e+02 +1.1230634691e-03

      z (m)          factor (-)         u (m s-1)         v (m s-1)         w (m s-1)          thl (K)        qt (kg kg-1)    
# 1.00000000E+07
+7.5000000000e+00 +7.5548240924e+06 -4.9835000000e+00 +0.0000000000e+00 +0.0000000000e+00 +2.9625000000e+02 +1.5000000000e-02
+2.2500000000e+01 +7.5261719898e+06 -4.9505000000e+00 +0.0000000000e+00 +0.0000000000e+00 +2.9625000000e+02 +1.5000000000e-02
+3.7650000000e+01 +7.4970634806e+06 -4.9171700000e+00 +0.0000000000e+00 +0.0000000000e+00 +2.9625000000e+02 +1.5000000000e-02
+5.2951500000e+01 +7.4674894005e+06 -4.8835067000e+00 +0.0000000000e+00 +0.0000000000e+00 +2.9625000000e+02 +1.5000000000e-02
+6.8406015000e+01 +7.4374403620e+06 -4.8495067670e+00 +0.0000000000e+00 +0.0000000000e+00 +2.9625000000e+02 +1.5000000000e-02
+8.4015075150e+01 +7.4069067488e+06 -4.8151668347e+00 +0.0000000000e+00 +0.0000000000e+00 +2.9625000000e+02 +1.5000000000e-02
+9.9780225902e+01 +7.3758787095e+06 -4.7804835030e+00 +0.0000000000e+00 +0.0000000000e+00 +2.9625000000e+02 +1.5000000000e-02
+1.1570302816e+02 +7.3443461514e+06 -4.7454533380e+00 +0.0000000000e+00 +0.0000000000e+00 +2.9625000000e+02 +1.5000000000e-02
+1.3178505844e+02 +7.3122987343e+06 -4.7100728714e+00 +0.0000000000e+00 +0.0000000000e+00 +2.9625000000e+02 +1.5000000000e-02
+1.4802790903e+02 +7.2797258644e+06 -4.6743386001e+00 +0.0000000000e+00 +0.0000000000e+00 +2.9625000000e+02 +1.5000000000e-02
+1.6443318812e+02 +7.2466166872e+06 -4.6382469861e+00 +0.0000000000e+00 +0.0000000000e+00 +2.9625000000e+02 +1.5000000000e-02
+1.8100252000e+02 +7.2129600817e+06 -4.6017944560e+00 +0.0000000000e+00 +0.0000000000e+00 +2.9625000000e+02 +1.5000000000e-02
+1.9773754520e+02 +7.1787446529e+06 -4.5649774006e+00 +0.0000000000e+00 +0.0000000000e+00 +2.9625000000e+02 +1.5000000000e-02
+2.1463992065e+02 +7.1439587256e+06 -4.5277921746e+00 +0.0000000000e+00 +0.0000000000e+00 +2.9625000000e+02 +1.5000000000e-02
+2.3171131986e+02 +7.1085903372e+06 -4.4902350963e+00 +0.0000000000e+00 +0.0000000000e+00 +2.9625000000e+02 +1.5000000000e-02
+2.4895343305e+02 +7.0726272310e+06 -4.4523024473e+00 +0.0000000000e+00 +0.0000000000e+00 +2.9625000000e+02 +1.5000000000e-02
+2.6636796739e+02 +7.0360568491e+06 -4.4139904718e+00 +0.0000000000e+00 +0.0000000000e+00 +2.9625000000e+02 +1.5000000000e-02
+2.8395664706e+02 +6.9988663253e+06 -4.3752953765e+00 +0.0000000000e+00 +0.0000000000e+00 +2.9625000000e+02 +1.5000000000e-02
+3.0172121353e+02 +6.9610424782e+06 -4.3362133302e+00 +0.0000000000e+00 +0.0000000000e+00 +2.9625000000e+02 +1.5000000000e-02
+3.1966342567e+02 +6.9225718043e+06 -4.2967404635e+00 +0.0000000000e+00 +0.0000000000e+00 +2.9625000000e+02 +1.5000000000e-02
+3.3778505992e+02 +6.8834404704e+06 -4.2568728682e+00 +0.0000000000e+00 +0.0000000000e+00 +2.9625000000e+02 +1.5000000000e-02
+3.5608791052e+02 +6.8436343075e+06 -4.2166065969e+00 +0.0000000000e+00 +0.0000000000e+00 +2.9625000000e+02 +1.5000000000e-02
+3.7457378963e+02 +6.8031388033e+06 -4.1759376628e+00 +0.0000000000e+00 +0.0000000000e+00 +2.9625000000e+02 +1.5000000000e-02
+3.9324452752e+02 +6.7619390957e+06 -4.1348620395e+00 +0.0000000000e+00 +0.0000000000e+00 +2.9625000000e+02 +1.5000000000e-02
+4.1210197280e+02 +6.7200199664e+06 -4.0933756598e+00 +0.0000000000e+00 +0.0000000000e+00 +2.9625000000e+02 +1.5000000000e-02
+4.3114799253e+02 +6.6773658342e+06 -4.0514744164e+00 +0.0000000000e+00 +0.0000000000e+00 +2.9625000000e+02 +1.5000000000e-02
+4.5038447245e+02 +6.6339607493e+06 -4.0091541606e+00 +0.0000000000e+00 +0.0000000000e+00 +2.9625000000e+02 +1.5000000000e-02
+4.6981331718e+02 +6.5897883873e+06 -3.9664107022e+00 +0.0000000000e+00 +0.0000000000e+00 +2.9625000000e+02 +1.5000000000e-02
+4.8943645035e+02 +6.5448320441e+06 -3.9232398092e+00 +0.0000000000e+00 +0.0000000000e+00 +2.9625000000e+02 +1.5000000000e-02
+5.0925581485e+02 +6.4990746307e+06 -3.8796372073e+00 +0.0000000000e+00 +0.0000000000e+00 +2.9629165117e+02 +1.4944567788e-02
+5.2927337300e+02 +6.4524986694e+06 -3.8355985794e+00 +0.0000000000e+00 +0.0000000000e+00 +2.9638173018e+02 +1.4825384077e-02
+5.4949110673e+02 +6.4050862897e+06 -3.7911195652e+00 +0.0000000000e+00 +0.0000000000e+00 +2.9647270998e+02 +1.4705973303e-02
+5.6991101780e+02 +6.3568192257e+06 -3.7461957608e+00 +0.0000000000e+00 +0.0000000000e+00 +2.9656459958e+02 +1.4586344663e-02
+5.9053512797e+02 +6.3076788141e+06 -3.7008227185e+00 +0.0000000000e+00 +0.0000000000e+00 +2.9665740808e+02 +1.4466507498e-02
+6.1136547925e+02 +6.2576459933e+06 -3.6549959456e+00 +0.0000000000e+00 +0.0000000000e+00 +2.9675114466e+02 +1.4346471298e-02
+6.3240413405e+02 +6.2067013036e+06 -3.6087109051e+00 +0.0000000000e+00 +0.0000000000e+00 +2.9684581860e+02 +1.4226245702e-02
+6.5365317539e+02 +6.1548248887e+06 -3.5619630141e+00 +0.0000000000e+00 +0.0000000000e+00 +2.9694143929e+02 +1.4105840493e-02
+6.7511470714e+02 +6.1019964991e+06 -3.5147476443e+00 +0.0000000000e+00 +0.0000000000e+00 +2.9703801618e+02 +1.3985265600e-02
+6.9679085421e+02 +6.0481954971e+06 -3.4670601207e+00 +0.0000000000e+00 +0.0000000000e+00 +2.9713555884e+02 +1.3864531098e-02
+7.1868376275e+02 +5.9934008633e+06 -3.4188957219e+00 +0.0000000000e+00 +0.0000000000e+00 +2.9723407693e+02 +1.3743647206e-02
+7.4079560038e+02 +5.9375912065e+06 -3.3702496792e+00 +0.0000000000e+00 +0.0000000000e+00 +2.9733358020e+02 +1.3622624285e-02
+7.6312855639e+02 +5.8807447748e+06 -3.3211171760e+00 +0.0000000000e+00 +0.0000000000e+00 +2.9743407850e+02 +1.3501472837e-02
+7.8568484195e+02 +5.8228394712e+06 -3.2714933477e+00 +0.0000000000e+00 +0.0000000000e+00 +2.9753558179e+02 +1.3380203506e-02
+8.0846669037e+02 +5.7638528708e+06 -3.2213732812e+00 +0.0000000000e+00 +0.0000000000e+00 +2.9763810011e+02 +1.3258827075e-02
+8.3147635727e+02 +5.7037622433e+06 -3.1707520140e+00 +0.0000000000e+00 +0.0000000000e+00 +2.9774164361e+02 +1.3137354463e-02
+8.5471612085e+02 +5.6425445785e+06 -3.1196245341e+00 +0.0000000000e+00 +0.0000000000e+00 +2.9784622254e+02 +1.3015796729e-02
+8.7818828205e+02 +5.5801766174e+06 -3.0679857795e+00 +0.0000000000e+00 +0.0000000000e+00 +2.9795184727e+02 +1.2894165062e-02
+9.0189516487e+02 +5.5166348879e+06 -3.0158306373e+00 +0.0000000000e+00 +0.0000000000e+00 +2.9805852824e+02 +1.2772470788e-02
+9.2583911652e+02 +5.4518957470e+06 -2.9631539436e+00 +0.0000000000e+00 +0.0000000000e+00 +2.9816627602e+02 +1.2650725363e-02
+9.5002250769e+02 +5.3859354293e+06 -2.9099504831e+00 +0.0000000000e+00 +0.0000000000e+00 +2.9827510128e+02 +1.2528940372e-02
+9.7444773277e+02 +5.3187301033e+06 -2.8562149879e+00 +0.0000000000e+00 +0.0000000000e+00 +2.9838501480e+02 +1.2407127526e-02
+9.9911721009e+02 +5.2502559359e+06 -2.8019421378e+00 +0.0000000000e+00 +0.0000000000e+00 +2.9849602745e+02 +1.2285298665e-02
+1.0240333822e+03 +5.1804891661e+06 -2.7471265592e+00 +0.0000000000e+00 +0.0000000000e+00 +2.9860815022e+02 +1.2163465750e-02
+1.0491987160e+03 +5.1094061899e+06 -2.6917628248e+00 +0.0000000000e+00 +0.0000000000e+00 +2.9872139422e+02 +1.2041640861e-02
+1.0746157032e+03 +5.0369836559e+06 -2.6358454530e+00 +0.0000000000e+00 +0.0000000000e+00 +2.9883577066e+02 +1.1919836199e-02
+1.1002868602e+03 +4.9631985747e+06 -2.5793689075e+00 +0.0000000000e+00 +0.0000000000e+00 +2.9895129087e+02 +1.1798064080e-02
+1.1262147288e+03 +4.8880284428e+06 -2.5223275966e+00 +0.0000000000e+00 +0.0000000000e+00 +2.9906796628e+02 +1.1676336934e-02
+1.1524018761e+03 +4.8114513821e+06 -2.4647158726e+00 +0.0000000000e+00 +0.0000000000e+00 +2.9918580844e+02 +1.1554667301e-02
+1.1788508949e+03 +4.7334462985e+06 -2.4065280313e+00 +0.0000000000e+00 +0.0000000000e+00 +2.9930482903e+02 +1.1433067828e-02
+1.2055644038e+03 +4.6539930594e+06 -2.3477583116e+00 +0.0000000000e+00 +0.0000000000e+00 +2.9942503982e+02 +1.1311551267e-02
+1.2325450478e+03 +4.5730726942e+06 -2.2884008947e+00 +0.0000000000e+00 +0.0000000000e+00 +2.9954645272e+02 +1.1190130472e-02
+1.2597954983e+03 +4.4906676192e+06 -2.2284499037e+00 +0.0000000000e+00 +0.0000000000e+00 +2.9966907974e+02 +1.1068818396e-02
+1.2873184533e+03 +4.4067618897e+06 -2.1678994027e+00 +0.0000000000e+00 +0.0000000000e+00 +2.9979293304e+02 +1.0947628087e-02
+1.3151166378e+03 +4.3213414822e+06 -2.1067433967e+00 +0.0000000000e+00 +0.0000000000e+00 +2.9991802487e+02 +1.0826572684e-02
+1.3431928042e+03 +4.2343946099e+06 -2.0449758307e+00 +0.0000000000e+00 +0.0000000000e+00 +3.0004436762e+02 +1.0705665415e-02
+1.3715497323e+03 +4.1459120746e+06 -1.9825905890e+00 +0.0000000000e+00 +0.0000000000e+00 +3.0017197380e+02 +1.0584919593e-02
+1.4001902296e+03 +4.0558876582e+06 -1.9195814949e+00 +0.0000000000e+00 +0.0000000000e+00 +3.0030085603e+02 +1.0464348609e-02
+1.4291171319e+03 +3.9643185591e+06 -1.8559423099e+00 +0.0000000000e+00 +0.0000000000e+00 +3.0043102709e+02 +1.0343965936e-02
+1.4583333032e+03 +3.8712058743e+06 -1.7916667330e+00 +0.0000000000e+00 +0.0000000000e+00 +3.0056249986e+02 +1.0223785116e-02
+1.4878416362e+03 +3.7765551354e+06 -1.7267484003e+00 +0.0000000000e+00 +0.0000000000e+00 +3.0069528736e+02 +1.0103819762e-02
+1.5176450526e+03 +3.6803768984e+06 -1.6611808843e+00 +0.0000000000e+00 +0.0000000000e+00 +3.0082940274e+02 +9.9840835508e-03
+1.5477465031e+03 +3.5826873951e+06 -1.5949576931e+00 +0.0000000000e+00 +0.0000000000e+00 +3.0096485926e+02 +9.8645902202e-03
+1.5781489682e+03 +3.4835092468e+06 -1.5280722701e+00 +0.0000000000e+00 +0.0000000000e+00 +3.0110167036e+02 +9.7453535636e-03
+1.6088554578e+03 +3.3828722471e+06 -1.4605179928e+00 +0.0000000000e+00 +0.0000000000e+00 +3.0123984956e+02 +9.6263874263e-03
+1.6398690124e+03 +3.2808142140e+06 -1.3922881727e+00 +0.0000000000e+00 +0.0000000000e+00 +3.0137941056e+02 +9.5077057000e-03
+1.6711927025e+03 +3.1773819162e+06 -1.3233760544e+00 +0.0000000000e+00 +0.0000000000e+00 +3.0152036716e+02 +9.3893223187e-03
+1.7028296296e+03 +3.0726320725e+06 -1.2537748150e+00 +0.0000000000e+00 +0.0000000000e+00 +3.0166273333e+02 +9.2712512536e-03
+1.7347829259e+03 +2.9666324262e+06 -1.1834775631e+00 +0.0000000000e+00 +0.0000000000e+00 +3.0180652317e+02 +9.1535065077e-03
+1.7670557551e+03 +2.8594628898e+06 -1.1124773388e+00 +0.0000000000e+00 +0.0000000000e+00 +3.0195175090e+02 +9.0361021115e-03
+1.7996513127e+03 +2.7512167559e+06 -1.0407671121e+00 +0.0000000000e+00 +0.0000000000e+00 +3.0209843091e+02 +8.9190521170e-03
+1.8325728258e+03 +2.6420019648e+06 -9.6833978326e-01 +0.0000000000e+00 +0.0000000000e+00 +3.0224657772e+02 +8.8023705931e-03
+1.8658235540e+03 +2.5319424152e+06 -8.9518818109e-01 +0.0000000000e+00 +0.0000000000e+00 +3.0239620599e+02 +8.6860716196e-03
+1.8994067896e+03 +2.4211792973e+06 -8.2130506290e-01 +0.0000000000e+00 +0.0000000000e+00 +3.0254733055e+02 +8.5701692819e-03
+1.9333258575e+03 +2.3098724235e+06 -7.4668311353e-01 +0.0000000000e+00 +0.0000000000e+00 +3.0269996636e+02 +8.4546776657e-03
+1.9675841161e+03 +2.1982015193e+06 -6.7131494467e-01 +0.0000000000e+00 +0.0000000000e+00 +3.0285412852e+02 +8.3396108506e-03
+2.0021849572e+03 +2.0863674285e+06 -5.9519309411e-01 +0.0000000000e+00 +0.0000000000e+00 +3.0300983231e+02 +8.2249829049e-03
+2.0371318068e+03 +1.9745931771e+06 -5.1831002505e-01 +0.0000000000e+00 +0.0000000000e+00 +3.0316709313e+02 +8.1108078794e-03
+2.0724281249e+03 +1.8631248206e+06 -4.4065812531e-01 +0.0000000000e+00 +0.0000000000e+00 +3.0332592656e+02 +7.9970998016e-03
+2.1080774061e+03 +1.7522319914e+06 -3.6222970656e-01 +0.0000000000e+00 +0.0000000000e+00 +3.0348634833e+02 +7.8838726694e-03
+2.1440831802e+03 +1.6422080418e+06 -2.8301700362e-01 +0.0000000000e+00 +0.0000000000e+00 +3.0364837431e+02 +7.7711404450e-03
+2.1804490120e+03 +1.5333696642e+06 -2.0301217366e-01 +0.0000000000e+00 +0.0000000000e+00 +3.0381202055e+02 +7.6589170488e-03
+2.2171785021e+03 +1.4260558563e+06 -1.2220729540e-01 +0.0000000000e+00 +0.0000000000e+00 +3.0397730326e+02 +7.5472163527e-03
+2.2542752871e+03 +1.3206260852e+06 -4.0594368351e-02 +0.0000000000e+00 +0.0000000000e+00 +3.0414423879e+02 +7.4360521741e-03
+2.2917430400e+03 +1.2174575024e+06 +4.1834687966e-02 +0.0000000000e+00 +0.0000000000e+00 +3.0431284368e+02 +7.3254382694e-03
+2.3295854704e+03 +1.1169410619e+06 +1.2508803485e-01 +0.0000000000e+00 +0.0000000000e+00 +3.0448313462e+02 +7.2153883270e-03
+2.3678063251e+03 +1.0194764143e+06 +2.0917391519e-01 +0.0000000000e+00 +0.0000000000e+00 +3.0465512846e+02 +7.1059159612e-03
+2.4064093883e+03 +9.2546548350e+05 +2.9410065435e-01 +0.0000000000e+00 +0.0000000000e+00 +3.0482884225e+02 +6.9970347052e-03
+2.4453984822e+03 +8.3530468986e+05 +3.7987666089e-01 +0.0000000000e+00 +0.0000000000e+00 +3.0500429317e+02 +6.8887580047e-03
+2.4847774670e+03 +7.4937586989e+05 +4.6651042750e-01 +0.0000000000e+00 +0.0000000000e+00 +3.0518149860e+02 +6.7810992107e-03
+2.5245502417e+03 +6.6803605157e+05 +5.5401053177e-01 +0.0000000000e+00 +0.0000000000e+00 +3.0536047609e+02 +6.6740715729e-03
+2.5647207441e+03 +5.9160638360e+05 +6.4238563709e-01 +0.0000000000e+00 +0.0000000000e+00 +3.0554124335e+02 +6.5676882330e-03
+2.6052929516e+03 +5.2036067102e+05 +7.3164449346e-01 +0.0000000000e+00 +0.0000000000e+00 +3.0572381828e+02 +6.4619622173e-03
+2.6462708811e+03 +4.5451412977e+05 +8.2179593840e-01 +0.0000000000e+00 +0.0000000000e+00 +3.0590821896e+02 +6.3569064302e-03
+2.6876585899e+03 +3.9421311388e+05 +9.1284889778e-01 +0.0000000000e+00 +0.0000000000e+00 +3.0609446365e+02 +6.2525336471e-03
+2.7294601758e+03 +3.3952666489e+05 +1.0048123868e+00 +0.0000000000e+00 +0.0000000000e+00 +3.0628257079e+02 +6.1488565074e-03
+2.7716797776e+03 +2.9044075135e+05 +1.0976955106e+00 +0.0000000000e+00 +0.0000000000e+00 +3.0647255900e+02 +6.0458875075e-03
+2.8143215753e+03 +2.4685597977e+05 +1.1915074657e+00 +0.0000000000e+00 +0.0000000000e+00 +3.0666444709e+02 +5.9436389935e-03
+2.8573897911e+03 +2.0858934910e+05 +1.2862575404e+00 +0.0000000000e+00 +0.0000000000e+00 +3.0685825406e+02 +5.8421231548e-03
+2.9008886890e+03 +1.7538029359e+05 +1.3819551158e+00 +0.0000000000e+00 +0.0000000000e+00 +3.0705399910e+02 +5.7413520163e-03
+2.9448225759e+03 +1.4690084215e+05 +1.4786096670e+00 +0.0000000000e+00 +0.0000000000e+00 +3.0725170159e+02 +5.6413374321e-03
+2.9891958016e+03 +1.2276927357e+05 +1.5762307636e+00 +0.0000000000e+00 +0.0000000000e+00 +3.0745138111e+02 +5.5420910780e-03
+3.0340127597e+03 +1.0256624043e+05 +1.6748280713e+00 +0.0000000000e+00 +0.0000000000e+00 +3.0765305742e+02 +5.4436244447e-03
+3.0792778873e+03 +8.5852047914e+04 +1.7744113520e+00 +0.0000000000e+00 +0.0000000000e+00 +3.0785675049e+02 +5.3459488309e-03
+3.1249956661e+03 +7.2183666968e+04 +1.8749904655e+00 +0.0000000000e+00 +0.0000000000e+00 +3.0806248050e+02 +5.2490753362e-03
+3.1711706228e+03 +6.1130156329e+04 +1.9765753701e+00 +0.0000000000e+00 +0.0000000000e+00 +3.0827026780e+02 +5.1530148543e-03
+3.2178073290e+03 +5.2285446164e+04 +2.0791761238e+00 +0.0000000000e+00 +0.0000000000e+00 +3.0848013298e+02 +5.0577780661e-03
+3.2649104023e+03 +4.5277835640e+04 +2.1828028851e+00 +0.0000000000e+00 +0.0000000000e+00 +3.0869209681e+02 +4.9633754332e-03
+3.3124845063e+03 +3.9775996973e+04 +2.2874659139e+00 +0.0000000000e+00 +0.0000000000e+00 +3.0890618028e+02 +4.8698171908e-03
+3.3605343514e+03 +3.5491677758e+04 +2.3931755731e+00 +0.0000000000e+00 +0.0000000000e+00 +3.0912240458e+02 +4.7771133411e-03
+3.4090646949e+03 +3.2179591781e+04 +2.4999423288e+00 +0.0000000000e+00 +0.0000000000e+00 +3.0934079113e+02 +4.6852736469e-03
+3.4580803419e+03 +2.9635157990e+04 +2.6077767521e+00 +0.0000000000e+00 +0.0000000000e+00 +3.0956136154e+02 +4.5943076250e-03
+3.5075861453e+03 +2.7690791484e+04 +2.7166895196e+00 +0.0000000000e+00 +0.0000000000e+00 +3.0978413765e+02 +4.5042245397e-03
+3.5575870067e+03 +2.6211395935e+04 +2.8266914148e+00 +0.0000000000e+00 +0.0000000000e+00 +3.1000914153e+02 +4.4150333967e-03
+3.6080878768e+03 +2.5089590926e+04 +2.9377933290e+00 +0.0000000000e+00 +0.0000000000e+00 +3.1023639545e+02 +4.3267429368e-03
+3.6590937556e+03 +2.4241066580e+04 +3.0500062622e+00 +0.0000000000e+00 +0.0000000000e+00 +3.1046592190e+02 +4.2393616297e-03
+3.7106096931e+03 +2.3600319881e+04 +3.1633413249e+00 +0.0000000000e+00 +0.0000000000e+00 +3.1069774362e+02 +4.1528976680e-03
+3.7626407901e+03 +2.3116909737e+04 +3.2778097381e+00 +0.0000000000e+00 +0.0000000000e+00 +3.1093188356e+02 +4.0673589618e-03
+3.8151921980e+03 +2.2752278749e+04 +3.3934228355e+00 +0.0000000000e+00 +0.0000000000e+00 +3.1116836489e+02 +3.9827531322e-03
+3.8682691199e+03 +2.2477128967e+04 +3.5101920639e+00 +0.0000000000e+00 +0.0000000000e+00 +3.1140721104e+02 +3.8990875067e-03
+3.9218768111e+03 +2.2269302704e+04 +3.6281289845e+00 +0.0000000000e+00 +0.0000000000e+00 +3.1164844565e+02 +3.8163691131e-03
+3.9760205792e+03 +2.2112101884e+04 +3.7472452743e+00 +0.0000000000e+00 +0.0000000000e+00 +3.1189209261e+02 +3.7346046742e-03
+4.0307057850e+03 +2.1992974666e+04 +3.8675527271e+00 +0.0000000000e+00 +0.0000000000e+00 +3.1213817603e+02 +3.6538006035e-03
+4.0859378429e+03 +2.1902501261e+04 +3.9890632544e+00 +0.0000000000e+00 +0.0000000000e+00 +3.1238672029e+02 +3.5739629993e-03
+4.1417222213e+03 +2.1833618268e+04 +4.1117888869e+00 +0.0000000000e+00 +0.0000000000e+00 +3.1263775000e+02 +3.4950976408e-03
+4.1980644435e+03 +2.1781029934e+04 +4.2357417758e+00 +0.0000000000e+00 +0.0000000000e+00 +3.1289129000e+02 +3.4172099830e-03
+4.2549700880e+03 +2.1740763941e+04 +4.3609341935e+00 +0.0000000000e+00 +0.0000000000e+00 +3.1314736540e+02 +3.3403051528e-03
+4.3124447888e+03 +2.1709837734e+04 +4.4873785355e+00 +0.0000000000e+00 +0.0000000000e+00 +3.1340600155e+02 +3.2643879444e-03
+4.3704942367e+03 +2.1686008708e+04 +4.6150873208e+00 +0.0000000000e+00 +0.0000000000e+00 +3.1366722407e+02 +3.1894628161e-03
+4.4291241791e+03 +2.1667587594e+04 +4.7440731940e+00 +0.0000000000e+00 +0.0000000000e+00 +3.1393105881e+02 +3.1155338858e-03
+4.4883404209e+03 +2.1653299238e+04 +4.8743489260e+00 +0.0000000000e+00 +0.0000000000e+00 +3.1419753189e+02 +3.0426049281e-03
+4.5481488251e+03 +2.1642178790e+04 +5.0059274152e+00 +0.0000000000e+00 +0.0000000000e+00 +3.1446666971e+02 +2.9706793709e-03
+4.6085553134e+03 +2.1633494307e+04 +5.1388216894e+00 +0.0000000000e+00 +0.0000000000e+00 +3.1473849891e+02 +2.8997602923e-03
+4.6695658665e+03 +2.1626688992e+04 +5.2730449063e+00 +0.0000000000e+00 +0.0000000000e+00 +3.1501304640e+02 +2.8298504182e-03
+4.7311865251e+03 +2.1621338056e+04 +5.4086103553e+00 +0.0000000000e+00 +0.0000000000e+00 +3.1529033936e+02 +2.7609521194e-03
+4.7934233904e+03 +2.1617116446e+04 +5.5455314589e+00 +0.0000000000e+00 +0.0000000000e+00 +3.1557040526e+02 +2.6930674096e-03
+4.8562826243e+03 +2.1613774662e+04 +5.6838217735e+00 +0.0000000000e+00 +0.0000000000e+00 +3.1585327181e+02 +2.6261979435e-03
+4.9197704505e+03 +2.1611120590e+04 +5.8234949912e+00 +0.0000000000e+00 +0.0000000000e+00 +3.1613896703e+02 +2.5603450150e-03
+4.9838931551e+03 +2.1609005836e+04 +5.9645649411e+00 +0.0000000000e+00 +0.0000000000e+00 +3.1642751920e+02 +2.4955095557e-03
+5.0486570866e+03 +2.1607315410e+04 +6.1070455905e+00 +0.0000000000e+00 +0.0000000000e+00 +3.1671895689e+02 +2.4316921340e-03
+5.1140686575e+03 +2.1605959918e+04 +6.2509510464e+00 +0.0000000000e+00 +0.0000000000e+00 +3.1701330896e+02 +2.3688929543e-03
+5.1801343440e+03 +2.1604869643e+04 +6.3962955569e+00 +0.0000000000e+00 +0.0000000000e+00 +3.1731060455e+02 +2.3071118560e-03
+5.2468606875e+03 +2.1603990043e+04 +6.5430935125e+00 +0.0000000000e+00 +0.0000000000e+00 +3.1761087309e+02 +2.2463483138e-03
+5.3142542944e+03 +2.1603278311e+04 +6.6913594476e+00 +0.0000000000e+00 +0.0000000000e+00 +3.1791414432e+02 +2.1866014373e-03
+5.3823218373e+03 +2.1602700744e+04 +6.8411080421e+00 +0.0000000000e+00 +0.0000000000e+00 +3.1822044827e+02 +2.1278699719e-03
+5.4510700557e+03 +2.1602230729e+04 +6.9923541225e+00 +0.0000000000e+00 +0.0000000000e+00 +3.1852981525e+02 +2.0701522987e-03
+5.5205057562e+03 +2.1601847182e+04 +7.1451126637e+00 +0.0000000000e+00 +0.0000000000e+00 +3.1884227590e+02 +2.0134464362e-03
+5.5906358138e+03 +2.1601533354e+04 +7.2993987904e+00 +0.0000000000e+00 +0.0000000000e+00 +3.1915786116e+02 +1.9577500410e-03
+5.6614671719e+03 +2.1601275898e+04 +7.4552277783e+00 +0.0000000000e+00 +0.0000000000e+00 +3.1947660227e+02 +1.9030604098e-03
+5.7330068437e+03 +2.1601064148e+04 +7.6126150560e+00 +0.0000000000e+00 +0.0000000000e+00 +3.1979853080e+02 +1.8493744812e-03
+5.8052619121e+03 +2.1600889553e+04 +7.7715762066e+00 +0.0000000000e+00 +0.0000000000e+00 +3.2012367860e+02 +1.7966888377e-03
+5.8782395312e+03 +2.1600745246e+04 +7.9321269687e+00 +0.0000000000e+00 +0.0000000000e+00 +3.2045207789e+02 +1.7449997085e-03
+5.9519469265e+03 +2.1600625689e+04 +8.0942832384e+00 +0.0000000000e+00 +0.0000000000e+00 +3.2078376117e+02 +1.6943029723e-03
+6.0263913958e+03 +2.1600526408e+04 +8.2580610707e+00 +0.0000000000e+00 +0.0000000000e+00 +3.2111876128e+02 +1.6445941604e-03
+6.1015803097e+03 +2.1600443779e+04 +8.4234766814e+00 +0.0000000000e+00 +0.0000000000e+00 +3.2145711139e+02 +1.5958684602e-03
+6.1775211128e+03 +2.1600374859e+04 +8.5905464483e+00 +0.0000000000e+00 +0.0000000000e+00 +3.2179884501e+02 +1.5481207190e-03
+6.2542213240e+03 +2.1600317251e+04 +8.7592869127e+00 +0.0000000000e+00 +0.0000000000e+00 +3.2214399596e+02 +1.5013454482e-03
+6.3316885372e+03 +2.1600268997e+04 +8.9297147819e+00 +0.0000000000e+00 +0.0000000000e+00 +3.2249259842e+02 +1.4555368275e-03
+6.4099304226e+03 +2.1600228497e+04 +9.1018469297e+00 +0.0000000000e+00 +0.0000000000e+00 +3.2284468690e+02 +1.4106887102e-03
+6.4889547268e+03 +2.1600194438e+04 +9.2757003990e+00 +0.0000000000e+00 +0.0000000000e+00 +3.2320029627e+02 +1.3667946273e-03
+6.5687692741e+03 +2.1600165740e+04 +9.4512924030e+00 +0.0000000000e+00 +0.0000000000e+00 +3.2355946173e+02 +1.3238477937e-03
+6.6493819668e+03 +2.1600141515e+04 +9.6286403270e+00 +0.0000000000e+00 +0.0000000000e+00 +3.2392221885e+02 +1.2818411135e-03
+6.7308007865e+03 +2.1600121027e+04 +9.8077617303e+00 +0.0000000000e+00 +0.0000000000e+00 +3.2428860354e+02 +1.2407671858e-03
+6.8130337944e+03 +2.1600103670e+04 +9.9886743476e+00 +0.0000000000e+00 +0.0000000000e+00 +3.2465865207e+02 +1.2006183111e-03
+6.8960891323e+03 +2.1600088939e+04 +1.0171396091e+01 +0.0000000000e+00 +0.0000000000e+00 +3.2503240110e+02 +1.1613864979e-03
+6.9799750236e+03 +2.1600076416e+04 +1.0355945052e+01 +0.0000000000e+00 +0.0000000000e+00 +3.2540988761e+02 +1.1230634691e-03
