
      z (m)          factor (-)         u (m s-1)         v (m s-1)         w (m s-1)          thl (K)        qt (kg kg-1)    
# 0.00000000E+00
+7.5000000000e+00 +7.5548240924e+06 -1.4983500000e+01 +0.0000000000e+00 +0.0000000000e+00 +2.9825000000e+02 +1.3500000000e-02
+2.2500000000e+01 +7.5261719898e+06 -1.4950500000e+01 +0.0000000000e+00 +0.0000000000e+00 +2.9825000000e+02 +1.3500000000e-02
+3.7650000000e+01 +7.4970634806e+06 -1.4917170000e+01 +0.0000000000e+00 +0.0000000000e+00 +2.9825000000e+02 +1.3500000000e-02
+5.2951500000e+01 +7.4674894005e+06 -1.4883506700e+01 +0.0000000000e+00 +0.0000000000e+00 +2.9825000000e+02 +1.3500000000e-02
+6.8406015000e+01 +7.4374403620e+06 -1.4849506767e+01 +0.0000000000e+00 +0.0000000000e+00 +2.9825000000e+02 +1.3500000000e-02
+8.4015075150e+01 +7.4069067488e+06 -1.4815166835e+01 +0.0000000000e+00 +0.0000000000e+00 +2.9825000000e+02 +1.3500000000e-02
+9.9780225902e+01 +7.3758787095e+06 -1.4780483503e+01 +0.0000000000e+00 +0.0000000000e+00 +2.9825000000e+02 +1.3500000000e-02
+1.1570302816e+02 +7.3443461514e+06 -1.4745453338e+01 +0.0000000000e+00 +0.0000000000e+00 +2.9825000000e+02 +1.3500000000e-02
+1.3178505844e+02 +7.3122987343e+06 -1.4710072871e+01 +0.0000000000e+00 +0.0000000000e+00 +2.9825000000e+02 +1.3500000000e-02
+1.4802790903e+02 +7.2797258644e+06 -1.4674338600e+01 +0.0000000000e+00 +0.0000000000e+00 +2.9825000000e+02 +1.3500000000e-02
+1.6443318812e+02 +7.2466166872e+06 -1.4638246986e+01 +0.0000000000e+00 +0.0000000000e+00 +2.9825000000e+02 +1.3500000000e-02
+1.8100252000e+02 +7.2129600817e+06 -1.4601794456e+01 +0.0000000000e+00 +0.0000000000e+00 +2.9825000000e+02 +1.3500000000e-02
+1.9773754520e+02 +7.1787446529e+06 -1.4564977401e+01 +0.0000000000e+00 +0.0000000000e+00 +2.9825000000e+02 +1.3500000000e-02
+2.1463992065e+02 +7.1439587256e+06 -1.4527792175e+01 +0.0000000000e+00 +0.0000000000e+00 +2.9825000000e+02 +1.3500000000e-02
+2.3171131986e+02 +7.1085903372e+06 -1.4490235096e+01 +0.0000000000e+00 +0.0000000000e+00 +2.9825000000e+02 +1.3500000000e-02
+2.4895343305e+02 +7.0726272310e+06 -1.4452302447e+01 +0.0000000000e+00 +0.0000000000e+00 +2.9825000000e+02 +1.3500000000e-02
+2.6636796739e+02 +7.0360568491e+06 -1.4413990472e+01 +0.0000000000e+00 +0.0000000000e+00 +2.9825000000e+02 +1.3500000000e-02
+2.8395664706e+02 +6.9988663253e+06 -1.4375295376e+01 +0.0000000000e+00 +0.0000000000e+00 +2.9825000000e+02 +1.3500000000e-02
+3.0172121353e+02 +6.9610424782e+06 -1.4336213330e+01 +0.0000000000e+00 +0.0000000000e+00 +2.9825000000e+02 +1.3500000000e-02
+3.1966342567e+02 +6.9225718043e+06 -1.4296740464e+01 +0.0000000000e+00 +0.0000000000e+00 +2.9825000000e+02 +1.3500000000e-02
+3.3778505992e+02 +6.8834404704e+06 -1.4256872868e+01 +0.0000000000e+00 +0.0000000000e+00 +2.9825000000e+02 +1.3500000000e-02
+3.5608791052e+02 +6.8436343075e+06 -1.4216606597e+01 +0.0000000000e+00 +0.0000000000e+00 +2.9825000000e+02 +1.3500000000e-02
+3.7457378963e+02 +6.8031388033e+06 -1.4175937663e+01 +0.0000000000e+00 +0.0000000000e+00 +2.9825000000e+02 +1.3500000000e-02
+3.9324452752e+02 +6.7619390957e+06 -1.4134862039e+01 +0.0000000000e+00 +0.0000000000e+00 +2.9825000000e+02 +1.3500000000e-02
+4.1210197280e+02 +6.7200199664e+06 -1.4093375660e+01 +0.0000000000e+00 +0.0000000000e+00 +2.9825000000e+02 +1.3500000000e-02
+4.3114799253e+02 +6.6773658342e+06 -1.4051474416e+01 +0.0000000000e+00 +0.0000000000e+00 +2.9825000000e+02 +1.3500000000e-02
+4.5038447245e+02 +6.6339607493e+06 -1.4009154161e+01 +0.0000000000e+00 +0.0000000000e+00 +2.9825000000e+02 +1.3500000000e-02
+4.6981331718e+02 +6.5897883873e+06 -1.3966410702e+01 +0.0000000000e+00 +0.0000000000e+00 +2.9825000000e+02 +1.3500000000e-02
+4.8943645035e+02 +6.5448320441e+06 -1.3923239809e+01 +0.0000000000e+00 +0.0000000000e+00 +2.9825000000e+02 +1.3500000000e-02
+5.0925581485e+02 +6.4990746307e+06 -1.3879637207e+01 +0.0000000000e+00 +0.0000000000e+00 +2.9829165117e+02 +1.3396272631e-02
+5.2927337300e+02 +6.4524986694e+06 -1.3835598579e+01 +0.0000000000e+00 +0.0000000000e+00 +2.9838173018e+02 +1.3174658950e-02
+5.4949110673e+02 +6.4050862897e+06 -1.3791119565e+01 +0.0000000000e+00 +0.0000000000e+00 +2.9847270998e+02 +1.2954550242e-02
+5.6991101780e+02 +6.3568192257e+06 -1.3746195761e+01 +0.0000000000e+00 +0.0000000000e+00 +2.9856459958e+02 +1.2735972934e-02
+5.9053512797e+02 +6.3076788141e+06 -1.3700822718e+01 +0.0000000000e+00 +0.0000000000e+00 +2.9865740808e+02 +1.2518953119e-02
+6.1136547925e+02 +6.2576459933e+06 -1.3654995946e+01 +0.0000000000e+00 +0.0000000000e+00 +2.9875114466e+02 +1.2303516544e-02
+6.3240413405e+02 +6.2067013036e+06 -1.3608710905e+01 +0.0000000000e+00 +0.0000000000e+00 +2.9884581860e+02 +1.2089688595e-02
+6.5365317539e+02 +6.1548248887e+06 -1.3561963014e+01 +0.0000000000e+00 +0.0000000000e+00 +2.9894143929e+02 +1.1877494281e-02
+6.7511470714e+02 +6.1019964991e+06 -1.3514747644e+01 +0.0000000000e+00 +0.0000000000e+00 +2.9903801618e+02 +1.1666958220e-02
+6.9679085421e+02 +6.0481954971e+06 -1.3467060121e+01 +0.0000000000e+00 +0.0000000000e+00 +2.9913555884e+02 +1.1458104623e-02
+7.1868376275e+02 +5.9934008633e+06 -1.3418895722e+01 +0.0000000000e+00 +0.0000000000e+00 +2.9923407693e+02 +1.1250957279e-02
+7.4079560038e+02 +5.9375912065e+06 -1.3370249679e+01 +0.0000000000e+00 +0.0000000000e+00 +2.9933358020e+02 +1.1045539542e-02
+7.6312855639e+02 +5.8807447748e+06 -1.3321117176e+01 +0.0000000000e+00 +0.0000000000e+00 +2.9943407850e+02 +1.0841874316e-02
+7.8568484195e+02 +5.8228394712e+06 -1.3271493348e+01 +0.0000000000e+00 +0.0000000000e+00 +2.9953558179e+02 +1.0639984039e-02
+8.0846669037e+02 +5.7638528708e+06 -1.3221373281e+01 +0.0000000000e+00 +0.0000000000e+00 +2.9963810011e+02 +1.0439890670e-02
+8.3147635727e+02 +5.7037622433e+06 -1.3170752014e+01 +0.0000000000e+00 +0.0000000000e+00 +2.9974164361e+02 +1.0241615673e-02
+8.5471612085e+02 +5.6425445785e+06 -1.3119624534e+01 +0.0000000000e+00 +0.0000000000e+00 +2.9984622254e+02 +1.0045180006e-02
+8.7818828205e+02 +5.5801766174e+06 -1.3067985779e+01 +0.0000000000e+00 +0.0000000000e+00 +2.9995184727e+02 +9.8506041047e-03
+9.0189516487e+02 +5.5166348879e+06 -1.3015830637e+01 +0.0000000000e+00 +0.0000000000e+00 +3.0005852824e+02 +9.6579078689e-03
+9.2583911652e+02 +5.4518957470e+06 -1.2963153944e+01 +0.0000000000e+00 +0.0000000000e+00 +3.0016627602e+02 +9.4671106496e-03
+9.5002250769e+02 +5.3859354293e+06 -1.2909950483e+01 +0.0000000000e+00 +0.0000000000e+00 +3.0027510128e+02 +9.2782312358e-03
+9.7444773277e+02 +5.3187301033e+06 -1.2856214988e+01 +0.0000000000e+00 +0.0000000000e+00 +3.0038501480e+02 +9.0912878408e-03
+9.9911721009e+02 +5.2502559359e+06 -1.2801942138e+01 +0.0000000000e+00 +0.0000000000e+00 +3.0049602745e+02 +8.9062980900e-03
+1.0240333822e+03 +5.1804891661e+06 -1.2747126559e+01 +0.0000000000e+00 +0.0000000000e+00 +3.0060815022e+02 +8.7232790081e-03
+1.0491987160e+03 +5.1094061899e+06 -1.2691762825e+01 +0.0000000000e+00 +0.0000000000e+00 +3.0072139422e+02 +8.5422470070e-03
+1.0746157032e+03 +5.0369836559e+06 -1.2635845453e+01 +0.0000000000e+00 +0.0000000000e+00 +3.0083577066e+02 +8.3632178735e-03
+1.1002868602e+03 +4.9631985747e+06 -1.2579368908e+01 +0.0000000000e+00 +0.0000000000e+00 +3.0095129087e+02 +8.1862067581e-03
+1.1262147288e+03 +4.8880284428e+06 -1.2522327597e+01 +0.0000000000e+00 +0.0000000000e+00 +3.0106796628e+02 +8.0112281635e-03
+1.1524018761e+03 +4.8114513821e+06 -1.2464715873e+01 +0.0000000000e+00 +0.0000000000e+00 +3.0118580844e+02 +7.8382959339e-03
+1.1788508949e+03 +4.7334462985e+06 -1.2406528031e+01 +0.0000000000e+00 +0.0000000000e+00 +3.0130482903e+02 +7.6674232440e-03
+1.2055644038e+03 +4.6539930594e+06 -1.2347758312e+01 +0.0000000000e+00 +0.0000000000e+00 +3.0142503982e+02 +7.4986225895e-03
+1.2325450478e+03 +4.5730726942e+06 -1.2288400895e+01 +0.0000000000e+00 +0.0000000000e+00 +3.0154645272e+02 +7.3319057765e-03
+1.2597954983e+03 +4.4906676192e+06 -1.2228449904e+01 +0.0000000000e+00 +0.0000000000e+00 +3.0166907974e+02 +7.1672839132e-03
+1.2873184533e+03 +4.4067618897e+06 -1.2167899403e+01 +0.0000000000e+00 +0.0000000000e+00 +3.0179293304e+02 +7.0047673998e-03
+1.3151166378e+03 +4.3213414822e+06 -1.2106743397e+01 +0.0000000000e+00 +0.0000000000e+00 +3.0191802487e+02 +6.8443659211e-03
+1.3431928042e+03 +4.2343946099e+06 -1.2044975831e+01 +0.0000000000e+00 +0.0000000000e+00 +3.0204436762e+02 +6.6860884381e-03
+1.3715497323e+03 +4.1459120746e+06 -1.1982590589e+01 +0.0000000000e+00 +0.0000000000e+00 +3.0217197380e+02 +6.5299431801e-03
+1.4001902296e+03 +4.0558876582e+06 -1.1919581495e+01 +0.0000000000e+00 +0.0000000000e+00 +3.0230085603e+02 +6.3759376386e-03
+1.4291171319e+03 +3.9643185591e+06 -1.1855942310e+01 +0.0000000000e+00 +0.0000000000e+00 +3.0243102709e+02 +6.2240785598e-03
+1.4583333032e+03 +3.8712058743e+06 -1.1791666733e+01 +0.0000000000e+00 +0.0000000000e+00 +3.0256249986e+02 +6.0743719395e-03
+1.4878416362e+03 +3.7765551354e+06 -1.1726748400e+01 +0.0000000000e+00 +0.0000000000e+00 +3.0269528736e+02 +5.9268230172e-03
+1.5176450526e+03 +3.6803768984e+06 -1.1661180884e+01 +0.0000000000e+00 +0.0000000000e+00 +3.0282940274e+02 +5.7814362710e-03
+1.5477465031e+03 +3.5826873951e+06 -1.1594957693e+01 +0.0000000000e+00 +0.0000000000e+00 +3.0296485926e+02 +5.6382154142e-03
+1.5781489682e+03 +3.4835092468e+06 -1.1528072270e+01 +0.0000000000e+00 +0.0000000000e+00 +3.0310167036e+02 +5.4971633903e-03
+1.6088554578e+03 +3.3828722471e+06 -1.1460517993e+01 +0.0000000000e+00 +0.0000000000e+00 +3.0323984956e+02 +5.3582823712e-03
+1.6398690124e+03 +3.2808142140e+06 -1.1392288173e+01 +0.0000000000e+00 +0.0000000000e+00 +3.0337941056e+02 +5.2215737533e-03
+1.6711927025e+03 +3.1773819162e+06 -1.1323376054e+01 +0.0000000000e+00 +0.0000000000e+00 +3.0352036716e+02 +5.0870381568e-03
+1.7028296296e+03 +3.0726320725e+06 -1.1253774815e+01 +0.0000000000e+00 +0.0000000000e+00 +3.0366273333e+02 +4.9546754236e-03
+1.7347829259e+03 +2.9666324262e+06 -1.1183477563e+01 +0.0000000000e+00 +0.0000000000e+00 +3.0380652317e+02 +4.8244846167e-03
+1.7670557551e+03 +2.8594628898e+06 -1.1112477339e+01 +0.0000000000e+00 +0.0000000000e+00 +3.0395175090e+02 +4.6964640206e-03
+1.7996513127e+03 +2.7512167559e+06 -1.1040767112e+01 +0.0000000000e+00 +0.0000000000e+00 +3.0409843091e+02 +4.5706111412e-03
+1.8325728258e+03 +2.6420019648e+06 -1.0968339783e+01 +0.0000000000e+00 +0.0000000000e+00 +3.0424657772e+02 +4.4469227078e-03
+1.8658235540e+03 +2.5319424152e+06 -1.0895188181e+01 +0.0000000000e+00 +0.0000000000e+00 +3.0439620599e+02 +4.3253946743e-03
+1.8994067896e+03 +2.4211792973e+06 -1.0821305063e+01 +0.0000000000e+00 +0.0000000000e+00 +3.0454733055e+02 +4.2060222225e-03
+1.9333258575e+03 +2.3098724235e+06 -1.0746683114e+01 +0.0000000000e+00 +0.0000000000e+00 +3.0469996636e+02 +4.0887997645e-03
+1.9675841161e+03 +2.1982015193e+06 -1.0671314945e+01 +0.0000000000e+00 +0.0000000000e+00 +3.0485412852e+02 +3.9737209473e-03
+2.0021849572e+03 +2.0863674285e+06 -1.0595193094e+01 +0.0000000000e+00 +0.0000000000e+00 +3.0500983231e+02 +3.8607786571e-03
+2.0371318068e+03 +1.9745931771e+06 -1.0518310025e+01 +0.0000000000e+00 +0.0000000000e+00 +3.0516709313e+02 +3.7499650244e-03
+2.0724281249e+03 +1.8631248206e+06 -1.0440658125e+01 +0.0000000000e+00 +0.0000000000e+00 +3.0532592656e+02 +3.6412714304e-03
+2.1080774061e+03 +1.7522319914e+06 -1.0362229707e+01 +0.0000000000e+00 +0.0000000000e+00 +3.0548634833e+02 +3.5346885131e-03
+2.1440831802e+03 +1.6422080418e+06 -1.0283017004e+01 +0.0000000000e+00 +0.0000000000e+00 +3.0564837431e+02 +3.4302061748e-03
+2.1804490120e+03 +1.5333696642e+06 -1.0203012174e+01 +0.0000000000e+00 +0.0000000000e+00 +3.0581202055e+02 +3.3278135901e-03
+2.2171785021e+03 +1.4260558563e+06 -1.0122207295e+01 +0.0000000000e+00 +0.0000000000e+00 +3.0597730326e+02 +3.2274992145e-03
+2.2542752871e+03 +1.3206260852e+06 -1.0040594368e+01 +0.0000000000e+00 +0.0000000000e+00 +3.0614423879e+02 +3.1292507937e-03
+2.2917430400e+03 +1.2174575024e+06 -9.9581653120e+00 +0.0000000000e+00 +0.0000000000e+00 +3.0631284368e+02 +3.0330553732e-03
+2.3295854704e+03 +1.1169410619e+06 -9.8749119652e+00 +0.0000000000e+00 +0.0000000000e+00 +3.0648313462e+02 +2.9388993097e-03
+2.3678063251e+03 +1.0194764143e+06 -9.7908260848e+00 +0.0000000000e+00 +0.0000000000e+00 +3.0665512846e+02 +2.8467682814e-03
+2.4064093883e+03 +9.2546548350e+05 -9.7058993457e+00 +0.0000000000e+00 +0.0000000000e+00 +3.0682884225e+02 +2.7566473006e-03
+2.4453984822e+03 +8.3530468986e+05 -9.6201233391e+00 +0.0000000000e+00 +0.0000000000e+00 +3.0700429317e+02 +2.6685207258e-03
+2.4847774670e+03 +7.4937586989e+05 -9.5334895725e+00 +0.0000000000e+00 +0.0000000000e+00 +3.0718149860e+02 +2.5823722750e-03
+2.5245502417e+03 +6.6803605157e+05 -9.4459894682e+00 +0.0000000000e+00 +0.0000000000e+00 +3.0736047609e+02 +2.4981850395e-03
+2.5647207441e+03 +5.9160638360e+05 -9.3576143629e+00 +0.0000000000e+00 +0.0000000000e+00 +3.0754124335e+02 +2.4159414979e-03
+2.6052929516e+03 +5.2036067102e+05 -9.2683555065e+00 +0.0000000000e+00 +0.0000000000e+00 +3.0772381828e+02 +2.3356235314e-03
+2.6462708811e+03 +4.5451412977e+05 -9.1782040616e+00 +0.0000000000e+00 +0.0000000000e+00 +3.0790821896e+02 +2.2572124389e-03
+2.6876585899e+03 +3.9421311388e+05 -9.0871511022e+00 +0.0000000000e+00 +0.0000000000e+00 +3.0809446365e+02 +2.1806889534e-03
+2.7294601758e+03 +3.3952666489e+05 -8.9951876132e+00 +0.0000000000e+00 +0.0000000000e+00 +3.0828257079e+02 +2.1060332580e-03
+2.7716797776e+03 +2.9044075135e+05 -8.9023044894e+00 +0.0000000000e+00 +0.0000000000e+00 +3.0847255900e+02 +2.0332250035e-03
+2.8143215753e+03 +2.4685597977e+05 -8.8084925343e+00 +0.0000000000e+00 +0.0000000000e+00 +3.0866444709e+02 +1.9622433257e-03
+2.8573897911e+03 +2.0858934910e+05 -8.7137424596e+00 +0.0000000000e+00 +0.0000000000e+00 +3.0885825406e+02 +1.8930668632e-03
+2.9008886890e+03 +1.7538029359e+05 -8.6180448842e+00 +0.0000000000e+00 +0.0000000000e+00 +3.0905399910e+02 +1.8256737761e-03
+2.9448225759e+03 +1.4690084215e+05 -8.5213903330e+00 +0.0000000000e+00 +0.0000000000e+00 +3.0925170159e+02 +1.7600417650e-03
+2.9891958016e+03 +1.2276927357e+05 -8.4237692364e+00 +0.0000000000e+00 +0.0000000000e+00 +3.0945138111e+02 +1.6961480899e-03
+3.0340127597e+03 +1.0256624043e+05 -8.3251719287e+00 +0.0000000000e+00 +0.0000000000e+00 +3.0965305742e+02 +1.6339695904e-03
+3.0792778873e+03 +8.5852047914e+04 -8.2255886480e+00 +0.0000000000e+00 +0.0000000000e+00 +3.0985675049e+02 +1.5734827050e-03
+3.1249956661e+03 +7.2183666968e+04 -8.1250095345e+00 +0.0000000000e+00 +0.0000000000e+00 +3.1006248050e+02 +1.5146634923e-03
+3.1711706228e+03 +6.1130156329e+04 -8.0234246299e+00 +0.0000000000e+00 +0.0000000000e+00 +3.1027026780e+02 +1.4574876510e-03
+3.2178073290e+03 +5.2285446164e+04 -7.9208238762e+00 +0.0000000000e+00 +0.0000000000e+00 +3.1048013298e+02 +1.4019305410e-03
+3.2649104023e+03 +4.5277835640e+04 -7.8171971149e+00 +0.0000000000e+00 +0.0000000000e+00 +3.1069209681e+02 +1.3479672049e-03
+3.3124845063e+03 +3.9775996973e+04 -7.7125340861e+00 +0.0000000000e+00 +0.0000000000e+00 +3.1090618028e+02 +1.2955723891e-03
+3.3605343514e+03 +3.5491677758e+04 -7.6068244269e+00 +0.0000000000e+00 +0.0000000000e+00 +3.1112240458e+02 +1.2447205654e-03
+3.4090646949e+03 +3.2179591781e+04 -7.5000576712e+00 +0.0000000000e+00 +0.0000000000e+00 +3.1134079113e+02 +1.1953859529e-03
+3.4580803419e+03 +2.9635157990e+04 -7.3922232479e+00 +0.0000000000e+00 +0.0000000000e+00 +3.1156136154e+02 +1.1475425397e-03
+3.5075861453e+03 +2.7690791484e+04 -7.2833104804e+00 +0.0000000000e+00 +0.0000000000e+00 +3.1178413765e+02 +1.1011641052e-03
+3.5575870067e+03 +2.6211395935e+04 -7.1733085852e+00 +0.0000000000e+00 +0.0000000000e+00 +3.1200914153e+02 +1.0562242421e-03
+3.6080878768e+03 +2.5089590926e+04 -7.0622066710e+00 +0.0000000000e+00 +0.0000000000e+00 +3.1223639545e+02 +1.0126963780e-03
+3.6590937556e+03 +2.4241066580e+04 -6.9499937378e+00 +0.0000000000e+00 +0.0000000000e+00 +3.1246592190e+02 +9.7055379842e-04
+3.7106096931e+03 +2.3600319881e+04 -6.8366586751e+00 +0.0000000000e+00 +0.0000000000e+00 +3.1269774362e+02 +9.2976966816e-04
+3.7626407901e+03 +2.3116909737e+04 -6.7221902619e+00 +0.0000000000e+00 +0.0000000000e+00 +3.1293188356e+02 +8.9031705368e-04
+3.8151921980e+03 +2.2752278749e+04 -6.6065771645e+00 +0.0000000000e+00 +0.0000000000e+00 +3.1316836489e+02 +8.5216894503e-04
+3.8682691199e+03 +2.2477128967e+04 -6.4898079361e+00 +0.0000000000e+00 +0.0000000000e+00 +3.1340721104e+02 +8.1529827766e-04
+3.9218768111e+03 +2.2269302704e+04 -6.3718710155e+00 +0.0000000000e+00 +0.0000000000e+00 +3.1364844565e+02 +7.7967795416e-04
+3.9760205792e+03 +2.2112101884e+04 -6.2527547257e+00 +0.0000000000e+00 +0.0000000000e+00 +3.1389209261e+02 +7.4528086579e-04
+4.0307057850e+03 +2.1992974666e+04 -6.1324472729e+00 +0.0000000000e+00 +0.0000000000e+00 +3.1413817603e+02 +7.1207991378e-04
+4.0859378429e+03 +2.1902501261e+04 -6.0109367456e+00 +0.0000000000e+00 +0.0000000000e+00 +3.1438672029e+02 +6.8004803045e-04
+4.1417222213e+03 +2.1833618268e+04 -5.8882111131e+00 +0.0000000000e+00 +0.0000000000e+00 +3.1463775000e+02 +6.4915820002e-04
+4.1980644435e+03 +2.1781029934e+04 -5.7642582242e+00 +0.0000000000e+00 +0.0000000000e+00 +3.1489129000e+02 +6.1938347914e-04
+4.2549700880e+03 +2.1740763941e+04 -5.6390658065e+00 +0.0000000000e+00 +0.0000000000e+00 +3.1514736540e+02 +5.9069701706e-04
+4.3124447888e+03 +2.1709837734e+04 -5.5126214645e+00 +0.0000000000e+00 +0.0000000000e+00 +3.1540600155e+02 +5.6307207551e-04
+4.3704942367e+03 +2.1686008708e+04 -5.3849126792e+00 +0.0000000000e+00 +0.0000000000e+00 +3.1566722407e+02 +5.3648204816e-04
+4.4291241791e+03 +2.1667587594e+04 -5.2559268060e+00 +0.0000000000e+00 +0.0000000000e+00 +3.1593105881e+02 +5.1090047965e-04
+4.4883404209e+03 +2.1653299238e+04 -5.1256510740e+00 +0.0000000000e+00 +0.0000000000e+00 +3.1619753189e+02 +4.8630108426e-04
+4.5481488251e+03 +2.1642178790e+04 -4.9940725848e+00 +0.0000000000e+00 +0.0000000000e+00 +3.1646666971e+02 +4.6265776402e-04
+4.6085553134e+03 +2.1633494307e+04 -4.8611783106e+00 +0.0000000000e+00 +0.0000000000e+00 +3.1673849891e+02 +4.3994462643e-04
+4.6695658665e+03 +2.1626688992e+04 -4.7269550937e+00 +0.0000000000e+00 +0.0000000000e+00 +3.1701304640e+02 +4.1813600163e-04
+4.7311865251e+03 +2.1621338056e+04 -4.5913896447e+00 +0.0000000000e+00 +0.0000000000e+00 +3.1729033936e+02 +3.9720645904e-04
+4.7934233904e+03 +2.1617116446e+04 -4.4544685411e+00 +0.0000000000e+00 +0.0000000000e+00 +3.1757040526e+02 +3.7713082346e-04
+4.8562826243e+03 +2.1613774662e+04 -4.3161782265e+00 +0.0000000000e+00 +0.0000000000e+00 +3.1785327181e+02 +3.5788419062e-04
+4.9197704505e+03 +2.1611120590e+04 -4.1765050088e+00 +0.0000000000e+00 +0.0000000000e+00 +3.1813896703e+02 +3.3944194208e-04
+4.9838931551e+03 +2.1609005836e+04 -4.0354350589e+00 +0.0000000000e+00 +0.0000000000e+00 +3.1842751920e+02 +3.2177975963e-04
+5.0486570866e+03 +2.1607315410e+04 -3.8929544095e+00 +0.0000000000e+00 +0.0000000000e+00 +3.1871895689e+02 +3.0487363896e-04
+5.1140686575e+03 +2.1605959918e+04 -3.7490489536e+00 +0.0000000000e+00 +0.0000000000e+00 +3.1901330896e+02 +2.8869990277e-04
+5.1801343440e+03 +2.1604869643e+04 -3.6037044431e+00 +0.0000000000e+00 +0.0000000000e+00 +3.1931060455e+02 +2.7323521320e-04
+5.2468606875e+03 +2.1603990043e+04 -3.4569064875e+00 +0.0000000000e+00 +0.0000000000e+00 +3.1961087309e+02 +2.5845658364e-04
+5.3142542944e+03 +2.1603278311e+04 -3.3086405524e+00 +0.0000000000e+00 +0.0000000000e+00 +3.1991414432e+02 +2.4434138977e-04
+5.3823218373e+03 +2.1602700744e+04 -3.1588919579e+00 +0.0000000000e+00 +0.0000000000e+00 +3.2022044827e+02 +2.3086738005e-04
+5.4510700557e+03 +2.1602230729e+04 -3.0076458775e+00 +0.0000000000e+00 +0.0000000000e+00 +3.2052981525e+02 +2.1801268548e-04
+5.5205057562e+03 +2.1601847182e+04 -2.8548873363e+00 +0.0000000000e+00 +0.0000000000e+00 +3.2084227590e+02 +2.0575582857e-04
+5.5906358138e+03 +2.1601533354e+04 -2.7006012096e+00 +0.0000000000e+00 +0.0000000000e+00 +3.2115786116e+02 +1.9407573179e-04
+5.6614671719e+03 +2.1601275898e+04 -2.5447722217e+00 +0.0000000000e+00 +0.0000000000e+00 +3.2147660227e+02 +1.8295172517e-04
+5.7330068437e+03 +2.1601064148e+04 -2.3873849440e+00 +0.0000000000e+00 +0.0000000000e+00 +3.2179853080e+02 +1.7236355329e-04
+5.8052619121e+03 +2.1600889553e+04 -2.2284237934e+00 +0.0000000000e+00 +0.0000000000e+00 +3.2212367860e+02 +1.6229138153e-04
+5.8782395312e+03 +2.1600745246e+04 -2.0678730313e+00 +0.0000000000e+00 +0.0000000000e+00 +3.2245207789e+02 +1.5271580163e-04
+5.9519469265e+03 +2.1600625689e+04 -1.9057167616e+00 +0.0000000000e+00 +0.0000000000e+00 +3.2278376117e+02 +1.4361783657e-04
+6.0263913958e+03 +2.1600526408e+04 -1.7419389293e+00 +0.0000000000e+00 +0.0000000000e+00 +3.2311876128e+02 +1.3497894472e-04
+6.1015803097e+03 +2.1600443779e+04 -1.5765233186e+00 +0.0000000000e+00 +0.0000000000e+00 +3.2345711139e+02 +1.2678102339e-04
+6.1775211128e+03 +2.1600374859e+04 -1.4094535517e+00 +0.0000000000e+00 +0.0000000000e+00 +3.2379884501e+02 +1.1900641157e-04
+6.2542213240e+03 +2.1600317251e+04 -1.2407130873e+00 +0.0000000000e+00 +0.0000000000e+00 +3.2414399596e+02 +1.1163789216e-04
+6.3316885372e+03 +2.1600268997e+04 -1.0702852181e+00 +0.0000000000e+00 +0.0000000000e+00 +3.2449259842e+02 +1.0465869341e-04
+6.4099304226e+03 +2.1600228497e+04 -8.9815307032e-01 +0.0000000000e+00 +0.0000000000e+00 +3.2484468690e+02 +9.8052489812e-05
+6.4889547268e+03 +2.1600194438e+04 -7.2429960102e-01 +0.0000000000e+00 +0.0000000000e+00 +3.2520029627e+02 +9.1803402274e-05
+6.5687692741e+03 +2.1600165740e+04 -5.4870759703e-01 +0.0000000000e+00 +0.0000000000e+00 +3.2555946173e+02 +8.5895997758e-05
+6.6493819668e+03 +2.1600141515e+04 -3.7135967300e-01 +0.0000000000e+00 +0.0000000000e+00 +3.2592221885e+02 +8.0315288257e-05
+6.7308007865e+03 +2.1600121027e+04 -1.9223826973e-01 +0.0000000000e+00 +0.0000000000e+00 +3.2628860354e+02 +7.5046729213e-05
+6.8130337944e+03 +2.1600103670e+04 -1.1325652426e-02 +0.0000000000e+00 +0.0000000000e+00 +3.2665865207e+02 +7.0076217359e-05
+6.8960891323e+03 +2.1600088939e+04 +1.7139609105e-01 +0.0000000000e+00 +0.0000000000e+00 +3.2703240110e+02 +6.5390088011e-05
+6.9799750236e+03 +2.1600076416e+04 +3.5594505196e-01 +0.0000000000e+00 +0.0000000000e+00 +3.2740988761e+02 +6.0975111827e-05

      z (m)          factor (-)         u (m s-1)         v (m s-1)         w (m s-1)          thl (K)        qt (kg kg-1)    
# 1.00000000E+07
+7.5000000000e+00 +7.5548240924e+06 -1.4983500000e+01 +0.0000000000e+00 +0.0000000000e+00 +2.9825000000e+02 +1.3500000000e-02
+2.2500000000e+01 +7.5261719898e+06 -1.4950500000e+01 +0.0000000000e+00 +0.0000000000e+00 +2.9825000000e+02 +1.3500000000e-02
+3.7650000000e+01 +7.4970634806e+06 -1.4917170000e+01 +0.0000000000e+00 +0.0000000000e+00 +2.9825000000e+02 +1.3500000000e-02
+5.2951500000e+01 +7.4674894005e+06 -1.4883506700e+01 +0.0000000000e+00 +0.0000000000e+00 +2.9825000000e+02 +1.3500000000e-02
+6.8406015000e+01 +7.4374403620e+06 -1.4849506767e+01 +0.0000000000e+00 +0.0000000000e+00 +2.9825000000e+02 +1.3500000000e-02
+8.4015075150e+01 +7.4069067488e+06 -1.4815166835e+01 +0.0000000000e+00 +0.0000000000e+00 +2.9825000000e+02 +1.3500000000e-02
+9.9780225902e+01 +7.3758787095e+06 -1.4780483503e+01 +0.0000000000e+00 +0.0000000000e+00 +2.9825000000e+02 +1.3500000000e-02
+1.1570302816e+02 +7.3443461514e+06 -1.4745453338e+01 +0.0000000000e+00 +0.0000000000e+00 +2.9825000000e+02 +1.3500000000e-02
+1.3178505844e+02 +7.3122987343e+06 -1.4710072871e+01 +0.0000000000e+00 +0.0000000000e+00 +2.9825000000e+02 +1.3500000000e-02
+1.4802790903e+02 +7.2797258644e+06 -1.4674338600e+01 +0.0000000000e+00 +0.0000000000e+00 +2.9825000000e+02 +1.3500000000e-02
+1.6443318812e+02 +7.2466166872e+06 -1.4638246986e+01 +0.0000000000e+00 +0.0000000000e+00 +2.9825000000e+02 +1.3500000000e-02
+1.8100252000e+02 +7.2129600817e+06 -1.4601794456e+01 +0.0000000000e+00 +0.0000000000e+00 +2.9825000000e+02 +1.3500000000e-02
+1.9773754520e+02 +7.1787446529e+06 -1.4564977401e+01 +0.0000000000e+00 +0.0000000000e+00 +2.9825000000e+02 +1.3500000000e-02
+2.1463992065e+02 +7.1439587256e+06 -1.4527792175e+01 +0.0000000000e+00 +0.0000000000e+00 +2.9825000000e+02 +1.3500000000e-02
+2.3171131986e+02 +7.1085903372e+06 -1.4490235096e+01 +0.0000000000e+00 +0.0000000000e+00 +2.9825000000e+02 +1.3500000000e-02
+2.4895343305e+02 +7.0726272310e+06 -1.4452302447e+01 +0.0000000000e+00 +0.0000000000e+00 +2.9825000000e+02 +1.3500000000e-02
+2.6636796739e+02 +7.0360568491e+06 -1.4413990472e+01 +0.0000000000e+00 +0.0000000000e+00 +2.9825000000e+02 +1.3500000000e-02
+2.8395664706e+02 +6.9988663253e+06 -1.4375295376e+01 +0.0000000000e+00 +0.0000000000e+00 +2.9825000000e+02 +1.3500000000e-02
+3.0172121353e+02 +6.9610424782e+06 -1.4336213330e+01 +0.0000000000e+00 +0.0000000000e+00 +2.9825000000e+02 +1.3500000000e-02
+3.1966342567e+02 +6.9225718043e+06 -1.4296740464e+01 +0.0000000000e+00 +0.0000000000e+00 +2.9825000000e+02 +1.3500000000e-02
+3.3778505992e+02 +6.8834404704e+06 -1.4256872868e+01 +0.0000000000e+00 +0.0000000000e+00 +2.9825000000e+02 +1.3500000000e-02
+3.5608791052e+02 +6.8436343075e+06 -1.4216606597e+01 +0.0000000000e+00 +0.0000000000e+00 +2.9825000000e+02 +1.3500000000e-02
+3.7457378963e+02 +6.8031388033e+06 -1.4175937663e+01 +0.0000000000e+00 +0.0000000000e+00 +2.9825000000e+02 +1.3500000000e-02
+3.9324452752e+02 +6.7619390957e+06 -1.4134862039e+01 +0.0000000000e+00 +0.0000000000e+00 +2.9825000000e+02 +1.3500000000e-02
+4.1210197280e+02 +6.7200199664e+06 -1.4093375660e+01 +0.0000000000e+00 +0.0000000000e+00 +2.9825000000e+02 +1.3500000000e-02
+4.3114799253e+02 +6.6773658342e+06 -1.4051474416e+01 +0.0000000000e+00 +0.0000000000e+00 +2.9825000000e+02 +1.3500000000e-02
+4.5038447245e+02 +6.6339607493e+06 -1.4009154161e+01 +0.0000000000e+00 +0.0000000000e+00 +2.9825000000e+02 +1.3500000000e-02
+4.6981331718e+02 +6.5897883873e+06 -1.3966410702e+01 +0.0000000000e+00 +0.0000000000e+00 +2.9825000000e+02 +1.3500000000e-02
+4.8943645035e+02 +6.5448320441e+06 -1.3923239809e+01 +0.0000000000e+00 +0.0000000000e+00 +2.9825000000e+02 +1.3500000000e-02
+5.0925581485e+02 +6.4990746307e+06 -1.3879637207e+01 +0.0000000000e+00 +0.0000000000e+00 +2.9829165117e+02 +1.3396272631e-02
+5.2927337300e+02 +6.4524986694e+06 -1.3835598579e+01 +0.0000000000e+00 +0.0000000000e+00 +2.9838173018e+02 +1.3174658950e-02
+5.4949110673e+02 +6.4050862897e+06 -1.3791119565e+01 +0.0000000000e+00 +0.0000000000e+00 +2.9847270998e+02 +1.2954550242e-02
+5.6991101780e+02 +6.3568192257e+06 -1.3746195761e+01 +0.0000000000e+00 +0.0000000000e+00 +2.9856459958e+02 +1.2735972934e-02
+5.9053512797e+02 +6.3076788141e+06 -1.3700822718e+01 +0.0000000000e+00 +0.0000000000e+00 +2.9865740808e+02 +1.2518953119e-02
+6.1136547925e+02 +6.2576459933e+06 -1.3654995946e+01 +0.0000000000e+00 +0.0000000000e+00 +2.9875114466e+02 +1.2303516544e-02
+6.3240413405e+02 +6.2067013036e+06 -1.3608710905e+01 +0.0000000000e+00 +0.0000000000e+00 +2.9884581860e+02 +1.2089688595e-02
+6.5365317539e+02 +6.1548248887e+06 -1.3561963014e+01 +0.0000000000e+00 +0.0000000000e+00 +2.9894143929e+02 +1.1877494281e-02
+6.7511470714e+02 +6.1019964991e+06 -1.3514747644e+01 +0.0000000000e+00 +0.0000000000e+00 +2.9903801618e+02 +1.1666958220e-02
+6.9679085421e+02 +6.0481954971e+06 -1.3467060121e+01 +0.0000000000e+00 +0.0000000000e+00 +2.9913555884e+02 +1.1458104623e-02
+7.1868376275e+02 +5.9934008633e+06 -1.3418895722e+01 +0.0000000000e+00 +0.0000000000e+00 +2.9923407693e+02 +1.1250957279e-02
+7.4079560038e+02 +5.9375912065e+06 -1.3370249679e+01 +0.0000000000e+00 +0.0000000000e+00 +2.9933358020e+02 +1.1045539542e-02
+7.6312855639e+02 +5.8807447748e+06 -1.3321117176e+01 +0.0000000000e+00 +0.0000000000e+00 +2.9943407850e+02 +1.0841874316e-02
+7.8568484195e+02 +5.8228394712e+06 -1.3271493348e+01 +0.0000000000e+00 +0.0000000000e+00 +2.9953558179e+02 +1.0639984039e-02
+8.0846669037e+02 +5.7638528708e+06 -1.3221373281e+01 +0.0000000000e+00 +0.0000000000e+00 +2.9963810011e+02 +1.0439890670e-02
+8.3147635727e+02 +5.7037622433e+06 -1.3170752014e+01 +0.0000000000e+00 +0.0000000000e+00 +2.9974164361e+02 +1.0241615673e-02
+8.5471612085e+02 +5.6425445785e+06 -1.3119624534e+01 +0.0000000000e+00 +0.0000000000e+00 +2.9984622254e+02 +1.0045180006e-02
+8.7818828205e+02 +5.5801766174e+06 -1.3067985779e+01 +0.0000000000e+00 +0.0000000000e+00 +2.9995184727e+02 +9.8506041047e-03
+9.0189516487e+02 +5.5166348879e+06 -1.3015830637e+01 +0.0000000000e+00 +0.0000000000e+00 +3.0005852824e+02 +9.6579078689e-03
+9.2583911652e+02 +5.4518957470e+06 -1.2963153944e+01 +0.0000000000e+00 +0.0000000000e+00 +3.0016627602e+02 +9.4671106496e-03
+9.5002250769e+02 +5.3859354293e+06 -1.2909950483e+01 +0.0000000000e+00 +0.0000000000e+00 +3.0027510128e+02 +9.2782312358e-03
+9.7444773277e+02 +5.3187301033e+06 -1.2856214988e+01 +0.0000000000e+00 +0.0000000000e+00 +3.0038501480e+02 +9.0912878408e-03
+9.9911721009e+02 +5.2502559359e+06 -1.2801942138e+01 +0.0000000000e+00 +0.0000000000e+00 +3.0049602745e+02 +8.9062980900e-03
+1.0240333822e+03 +5.1804891661e+06 -1.2747126559e+01 +0.0000000000e+00 +0.0000000000e+00 +3.0060815022e+02 +8.7232790081e-03
+1.0491987160e+03 +5.1094061899e+06 -1.2691762825e+01 +0.0000000000e+00 +0.0000000000e+00 +3.0072139422e+02 +8.5422470070e-03
+1.0746157032e+03 +5.0369836559e+06 -1.2635845453e+01 +0.0000000000e+00 +0.0000000000e+00 +3.0083577066e+02 +8.3632178735e-03
+1.1002868602e+03 +4.9631985747e+06 -1.2579368908e+01 +0.0000000000e+00 +0.0000000000e+00 +3.0095129087e+02 +8.1862067581e-03
+1.1262147288e+03 +4.8880284428e+06 -1.2522327597e+01 +0.0000000000e+00 +0.0000000000e+00 +3.0106796628e+02 +8.0112281635e-03
+1.1524018761e+03 +4.8114513821e+06 -1.2464715873e+01 +0.0000000000e+00 +0.0000000000e+00 +3.0118580844e+02 +7.8382959339e-03
+1.1788508949e+03 +4.7334462985e+06 -1.2406528031e+01 +0.0000000000e+00 +0.0000000000e+00 +3.0130482903e+02 +7.6674232440e-03
+1.2055644038e+03 +4.6539930594e+06 -1.2347758312e+01 +0.0000000000e+00 +0.0000000000e+00 +3.0142503982e+02 +7.4986225895e-03
+1.2325450478e+03 +4.5730726942e+06 -1.2288400895e+01 +0.0000000000e+00 +0.0000000000e+00 +3.0154645272e+02 +7.3319057765e-03
+1.2597954983e+03 +4.4906676192e+06 -1.2228449904e+01 +0.0000000000e+00 +0.0000000000e+00 +3.0166907974e+02 +7.1672839132e-03
+1.2873184533e+03 +4.4067618897e+06 -1.2167899403e+01 +0.0000000000e+00 +0.0000000000e+00 +3.0179293304e+02 +7.0047673998e-03
+1.3151166378e+03 +4.3213414822e+06 -1.2106743397e+01 +0.0000000000e+00 +0.0000000000e+00 +3.0191802487e+02 +6.8443659211e-03
+1.3431928042e+03 +4.2343946099e+06 -1.2044975831e+01 +0.0000000000e+00 +0.0000000000e+00 +3.0204436762e+02 +6.6860884381e-03
+1.3715497323e+03 +4.1459120746e+06 -1.1982590589e+01 +0.0000000000e+00 +0.0000000000e+00 +3.0217197380e+02 +6.5299431801e-03
+1.4001902296e+03 +4.0558876582e+06 -1.1919581495e+01 +0.0000000000e+00 +0.0000000000e+00 +3.0230085603e+02 +6.3759376386e-03
+1.4291171319e+03 +3.9643185591e+06 -1.1855942310e+01 +0.0000000000e+00 +0.0000000000e+00 +3.0243102709e+02 +6.2240785598e-03
+1.4583333032e+03 +3.8712058743e+06 -1.1791666733e+01 +0.0000000000e+00 +0.0000000000e+00 +3.0256249986e+02 +6.0743719395e-03
+1.4878416362e+03 +3.7765551354e+06 -1.1726748400e+01 +0.0000000000e+00 +0.0000000000e+00 +3.0269528736e+02 +5.9268230172e-03
+1.5176450526e+03 +3.6803768984e+06 -1.1661180884e+01 +0.0000000000e+00 +0.0000000000e+00 +3.0282940274e+02 +5.7814362710e-03
+1.5477465031e+03 +3.5826873951e+06 -1.1594957693e+01 +0.0000000000e+00 +0.0000000000e+00 +3.0296485926e+02 +5.6382154142e-03
+1.5781489682e+03 +3.4835092468e+06 -1.1528072270e+01 +0.0000000000e+00 +0.0000000000e+00 +3.0310167036e+02 +5.4971633903e-03
+1.6088554578e+03 +3.3828722471e+06 -1.1460517993e+01 +0.0000000000e+00 +0.0000000000e+00 +3.0323984956e+02 +5.3582823712e-03
+1.6398690124e+03 +3.2808142140e+06 -1.1392288173e+01 +0.0000000000e+00 +0.0000000000e+00 +3.0337941056e+02 +5.2215737533e-03
+1.6711927025e+03 +3.1773819162e+06 -1.1323376054e+01 +0.0000000000e+00 +0.0000000000e+00 +3.0352036716e+02 +5.0870381568e-03
+1.7028296296e+03 +3.0726320725e+06 -1.1253774815e+01 +0.0000000000e+00 +0.0000000000e+00 +3.0366273333e+02 +4.9546754236e-03
+1.7347829259e+03 +2.9666324262e+06 -1.1183477563e+01 +0.0000000000e+00 +0.0000000000e+00 +3.0380652317e+02 +4.8244846167e-03
+1.7670557551e+03 +2.8594628898e+06 -1.1112477339e+01 +0.0000000000e+00 +0.0000000000e+00 +3.0395175090e+02 +4.6964640206e-03
+1.7996513127e+03 +2.7512167559e+06 -1.1040767112e+01 +0.0000000000e+00 +0.0000000000e+00 +3.0409843091e+02 +4.5706111412e-03
+1.8325728258e+03 +2.6420019648e+06 -1.0968339783e+01 +0.0000000000e+00 +0.0000000000e+00 +3.0424657772e+02 +4.4469227078e-03
+1.8658235540e+03 +2.5319424152e+06 -1.0895188181e+01 +0.0000000000e+00 +0.0000000000e+00 +3.0439620599e+02 +4.3253946743e-03
+1.8994067896e+03 +2.4211792973e+06 -1.0821305063e+01 +0.0000000000e+00 +0.0000000000e+00 +3.0454733055e+02 +4.2060222225e-03
+1.9333258575e+03 +2.3098724235e+06 -1.0746683114e+01 +0.0000000000e+00 +0.0000000000e+00 +3.0469996636e+02 +4.0887997645e-03
+1.9675841161e+03 +2.1982015193e+06 -1.0671314945e+01 +0.0000000000e+00 +0.0000000000e+00 +3.0485412852e+02 +3.9737209473e-03
+2.0021849572e+03 +2.0863674285e+06 -1.0595193094e+01 +0.0000000000e+00 +0.0000000000e+00 +3.0500983231e+02 +3.8607786571e-03
+2.0371318068e+03 +1.9745931771e+06 -1.0518310025e+01 +0.0000000000e+00 +0.0000000000e+00 +3.0516709313e+02 +3.7499650244e-03
+2.0724281249e+03 +1.8631248206e+06 -1.0440658125e+01 +0.0000000000e+00 +0.0000000000e+00 +3.0532592656e+02 +3.6412714304e-03
+2.1080774061e+03 +1.7522319914e+06 -1.0362229707e+01 +0.0000000000e+00 +0.0000000000e+00 +3.0548634833e+02 +3.5346885131e-03
+2.1440831802e+03 +1.6422080418e+06 -1.0283017004e+01 +0.0000000000e+00 +0.0000000000e+00 +3.0564837431e+02 +3.4302061748e-03
+2.1804490120e+03 +1.5333696642e+06 -1.0203012174e+01 +0.0000000000e+00 +0.0000000000e+00 +3.0581202055e+02 +3.3278135901e-03
+2.2171785021e+03 +1.4260558563e+06 -1.0122207295e+01 +0.0000000000e+00 +0.0000000000e+00 +3.0597730326e+02 +3.2274992145e-03
+2.2542752871e+03 +1.3206260852e+06 -1.0040594368e+01 +0.0000000000e+00 +0.0000000000e+00 +3.0614423879e+02 +3.1292507937e-03
+2.2917430400e+03 +1.2174575024e+06 -9.9581653120e+00 +0.0000000000e+00 +0.0000000000e+00 +3.0631284368e+02 +3.0330553732e-03
+2.3295854704e+03 +1.1169410619e+06 -9.8749119652e+00 +0.0000000000e+00 +0.0000000000e+00 +3.0648313462e+02 +2.9388993097e-03
+2.3678063251e+03 +1.0194764143e+06 -9.7908260848e+00 +0.0000000000e+00 +0.0000000000e+00 +3.0665512846e+02 +2.8467682814e-03
+2.4064093883e+03 +9.2546548350e+05 -9.7058993457e+00 +0.0000000000e+00 +0.0000000000e+00 +3.0682884225e+02 +2.7566473006e-03
+2.4453984822e+03 +8.3530468986e+05 -9.6201233391e+00 +0.0000000000e+00 +0.0000000000e+00 +3.0700429317e+02 +2.6685207258e-03
+2.4847774670e+03 +7.4937586989e+05 -9.5334895725e+00 +0.0000000000e+00 +0.0000000000e+00 +3.0718149860e+02 +2.5823722750e-03
+2.5245502417e+03 +6.6803605157e+05 -9.4459894682e+00 +0.0000000000e+00 +0.0000000000e+00 +3.0736047609e+02 +2.4981850395e-03
+2.5647207441e+03 +5.9160638360e+05 -9.3576143629e+00 +0.0000000000e+00 +0.0000000000e+00 +3.0754124335e+02 +2.4159414979e-03
+2.6052929516e+03 +5.2036067102e+05 -9.2683555065e+00 +0.0000000000e+00 +0.0000000000e+00 +3.0772381828e+02 +2.3356235314e-03
+2.6462708811e+03 +4.5451412977e+05 -9.1782040616e+00 +0.0000000000e+00 +0.0000000000e+00 +3.0790821896e+02 +2.2572124389e-03
+2.6876585899e+03 +3.9421311388e+05 -9.0871511022e+00 +0.0000000000e+00 +0.0000000000e+00 +3.0809446365e+02 +2.1806889534e-03
+2.7294601758e+03 +3.3952666489e+05 -8.9951876132e+00 +0.0000000000e+00 +0.0000000000e+00 +3.0828257079e+02 +2.1060332580e-03
+2.7716797776e+03 +2.9044075135e+05 -8.9023044894e+00 +0.0000000000e+00 +0.0000000000e+00 +3.0847255900e+02 +2.0332250035e-03
+2.8143215753e+03 +2.4685597977e+05 -8.8084925343e+00 +0.0000000000e+00 +0.0000000000e+00 +3.0866444709e+02 +1.9622433257e-03
+2.8573897911e+03 +2.0858934910e+05 -8.7137424596e+00 +0.0000000000e+00 +0.0000000000e+00 +3.0885825406e+02 +1.8930668632e-03
+2.9008886890e+03 +1.7538029359e+05 -8.6180448842e+00 +0.0000000000e+00 +0.0000000000e+00 +3.0905399910e+02 +1.8256737761e-03
+2.9448225759e+03 +1.4690084215e+05 -8.5213903330e+00 +0.0000000000e+00 +0.0000000000e+00 +3.0925170159e+02 +1.7600417650e-03
+2.9891958016e+03 +1.2276927357e+05 -8.4237692364e+00 +0.0000000000e+00 +0.0000000000e+00 +3.0945138111e+02 +1.6961480899e-03
+3.0340127597e+03 +1.0256624043e+05 -8.3251719287e+00 +0.0000000000e+00 +0.0000000000e+00 +3.0965305742e+02 +1.6339695904e-03
+3.0792778873e+03 +8.5852047914e+04 -8.2255886480e+00 +0.0000000000e+00 +0.0000000000e+00 +3.0985675049e+02 +1.5734827050e-03
+3.1249956661e+03 +7.2183666968e+04 -8.1250095345e+00 +0.0000000000e+00 +0.0000000000e+00 +3.1006248050e+02 +1.5146634923e-03
+3.1711706228e+03 +6.1130156329e+04 -8.0234246299e+00 +0.0000000000e+00 +0.0000000000e+00 +3.1027026780e+02 +1.4574876510e-03
+3.2178073290e+03 +5.2285446164e+04 -7.9208238762e+00 +0.0000000000e+00 +0.0000000000e+00 +3.1048013298e+02 +1.4019305410e-03
+3.2649104023e+03 +4.5277835640e+04 -7.8171971149e+00 +0.0000000000e+00 +0.0000000000e+00 +3.1069209681e+02 +1.3479672049e-03
+3.3124845063e+03 +3.9775996973e+04 -7.7125340861e+00 +0.0000000000e+00 +0.0000000000e+00 +3.1090618028e+02 +1.2955723891e-03
+3.3605343514e+03 +3.5491677758e+04 -7.6068244269e+00 +0.0000000000e+00 +0.0000000000e+00 +3.1112240458e+02 +1.2447205654e-03
+3.4090646949e+03 +3.2179591781e+04 -7.5000576712e+00 +0.0000000000e+00 +0.0000000000e+00 +3.1134079113e+02 +1.1953859529e-03
+3.4580803419e+03 +2.9635157990e+04 -7.3922232479e+00 +0.0000000000e+00 +0.0000000000e+00 +3.1156136154e+02 +1.1475425397e-03
+3.5075861453e+03 +2.7690791484e+04 -7.2833104804e+00 +0.0000000000e+00 +0.0000000000e+00 +3.1178413765e+02 +1.1011641052e-03
+3.5575870067e+03 +2.6211395935e+04 -7.1733085852e+00 +0.0000000000e+00 +0.0000000000e+00 +3.1200914153e+02 +1.0562242421e-03
+3.6080878768e+03 +2.5089590926e+04 -7.0622066710e+00 +0.0000000000e+00 +0.0000000000e+00 +3.1223639545e+02 +1.0126963780e-03
+3.6590937556e+03 +2.4241066580e+04 -6.9499937378e+00 +0.0000000000e+00 +0.0000000000e+00 +3.1246592190e+02 +9.7055379842e-04
+3.7106096931e+03 +2.3600319881e+04 -6.8366586751e+00 +0.0000000000e+00 +0.0000000000e+00 +3.1269774362e+02 +9.2976966816e-04
+3.7626407901e+03 +2.3116909737e+04 -6.7221902619e+00 +0.0000000000e+00 +0.0000000000e+00 +3.1293188356e+02 +8.9031705368e-04
+3.8151921980e+03 +2.2752278749e+04 -6.6065771645e+00 +0.0000000000e+00 +0.0000000000e+00 +3.1316836489e+02 +8.5216894503e-04
+3.8682691199e+03 +2.2477128967e+04 -6.4898079361e+00 +0.0000000000e+00 +0.0000000000e+00 +3.1340721104e+02 +8.1529827766e-04
+3.9218768111e+03 +2.2269302704e+04 -6.3718710155e+00 +0.0000000000e+00 +0.0000000000e+00 +3.1364844565e+02 +7.7967795416e-04
+3.9760205792e+03 +2.2112101884e+04 -6.2527547257e+00 +0.0000000000e+00 +0.0000000000e+00 +3.1389209261e+02 +7.4528086579e-04
+4.0307057850e+03 +2.1992974666e+04 -6.1324472729e+00 +0.0000000000e+00 +0.0000000000e+00 +3.1413817603e+02 +7.1207991378e-04
+4.0859378429e+03 +2.1902501261e+04 -6.0109367456e+00 +0.0000000000e+00 +0.0000000000e+00 +3.1438672029e+02 +6.8004803045e-04
+4.1417222213e+03 +2.1833618268e+04 -5.8882111131e+00 +0.0000000000e+00 +0.0000000000e+00 +3.1463775000e+02 +6.4915820002e-04
+4.1980644435e+03 +2.1781029934e+04 -5.7642582242e+00 +0.0000000000e+00 +0.0000000000e+00 +3.1489129000e+02 +6.1938347914e-04
+4.2549700880e+03 +2.1740763941e+04 -5.6390658065e+00 +0.0000000000e+00 +0.0000000000e+00 +3.1514736540e+02 +5.9069701706e-04
+4.3124447888e+03 +2.1709837734e+04 -5.5126214645e+00 +0.0000000000e+00 +0.0000000000e+00 +3.1540600155e+02 +5.6307207551e-04
+4.3704942367e+03 +2.1686008708e+04 -5.3849126792e+00 +0.0000000000e+00 +0.0000000000e+00 +3.1566722407e+02 +5.3648204816e-04
+4.4291241791e+03 +2.1667587594e+04 -5.2559268060e+00 +0.0000000000e+00 +0.0000000000e+00 +3.1593105881e+02 +5.1090047965e-04
+4.4883404209e+03 +2.1653299238e+04 -5.1256510740e+00 +0.0000000000e+00 +0.0000000000e+00 +3.1619753189e+02 +4.8630108426e-04
+4.5481488251e+03 +2.1642178790e+04 -4.9940725848e+00 +0.0000000000e+00 +0.0000000000e+00 +3.1646666971e+02 +4.6265776402e-04
+4.6085553134e+03 +2.1633494307e+04 -4.8611783106e+00 +0.0000000000e+00 +0.0000000000e+00 +3.1673849891e+02 +4.3994462643e-04
+4.6695658665e+03 +2.1626688992e+04 -4.7269550937e+00 +0.0000000000e+00 +0.0000000000e+00 +3.1701304640e+02 +4.1813600163e-04
+4.7311865251e+03 +2.1621338056e+04 -4.5913896447e+00 +0.0000000000e+00 +0.0000000000e+00 +3.1729033936e+02 +3.9720645904e-04
+4.7934233904e+03 +2.1617116446e+04 -4.4544685411e+00 +0.0000000000e+00 +0.0000000000e+00 +3.1757040526e+02 +3.7713082346e-04
+4.8562826243e+03 +2.1613774662e+04 -4.3161782265e+00 +0.0000000000e+00 +0.0000000000e+00 +3.1785327181e+02 +3.5788419062e-04
+4.9197704505e+03 +2.1611120590e+04 -4.1765050088e+00 +0.0000000000e+00 +0.0000000000e+00 +3.1813896703e+02 +3.3944194208e-04
+4.9838931551e+03 +2.1609005836e+04 -4.0354350589e+00 +0.0000000000e+00 +0.0000000000e+00 +3.1842751920e+02 +3.2177975963e-04
+5.0486570866e+03 +2.1607315410e+04 -3.8929544095e+00 +0.0000000000e+00 +0.0000000000e+00 +3.1871895689e+02 +3.0487363896e-04
+5.1140686575e+03 +2.1605959918e+04 -3.7490489536e+00 +0.0000000000e+00 +0.0000000000e+00 +3.1901330896e+02 +2.8869990277e-04
+5.1801343440e+03 +2.1604869643e+04 -3.6037044431e+00 +0.0000000000e+00 +0.0000000000e+00 +3.1931060455e+02 +2.7323521320e-04
+5.2468606875e+03 +2.1603990043e+04 -3.4569064875e+00 +0.0000000000e+00 +0.0000000000e+00 +3.1961087309e+02 +2.5845658364e-04
+5.3142542944e+03 +2.1603278311e+04 -3.3086405524e+00 +0.0000000000e+00 +0.0000000000e+00 +3.1991414432e+02 +2.4434138977e-04
+5.3823218373e+03 +2.1602700744e+04 -3.1588919579e+00 +0.0000000000e+00 +0.0000000000e+00 +3.2022044827e+02 +2.3086738005e-04
+5.4510700557e+03 +2.1602230729e+04 -3.0076458775e+00 +0.0000000000e+00 +0.0000000000e+00 +3.2052981525e+02 +2.1801268548e-04
+5.5205057562e+03 +2.1601847182e+04 -2.8548873363e+00 +0.0000000000e+00 +0.0000000000e+00 +3.2084227590e+02 +2.0575582857e-04
+5.5906358138e+03 +2.1601533354e+04 -2.7006012096e+00 +0.0000000000e+00 +0.0000000000e+00 +3.2115786116e+02 +1.9407573179e-04
+5.6614671719e+03 +2.1601275898e+04 -2.5447722217e+00 +0.0000000000e+00 +0.0000000000e+00 +3.2147660227e+02 +1.8295172517e-04
+5.7330068437e+03 +2.1601064148e+04 -2.3873849440e+00 +0.0000000000e+00 +0.0000000000e+00 +3.2179853080e+02 +1.7236355329e-04
+5.8052619121e+03 +2.1600889553e+04 -2.2284237934e+00 +0.0000000000e+00 +0.0000000000e+00 +3.2212367860e+02 +1.6229138153e-04
+5.8782395312e+03 +2.1600745246e+04 -2.0678730313e+00 +0.0000000000e+00 +0.0000000000e+00 +3.2245207789e+02 +1.5271580163e-04
+5.9519469265e+03 +2.1600625689e+04 -1.9057167616e+00 +0.0000000000e+00 +0.0000000000e+00 +3.2278376117e+02 +1.4361783657e-04
+6.0263913958e+03 +2.1600526408e+04 -1.7419389293e+00 +0.0000000000e+00 +0.0000000000e+00 +3.2311876128e+02 +1.3497894472e-04
+6.1015803097e+03 +2.1600443779e+04 -1.5765233186e+00 +0.0000000000e+00 +0.0000000000e+00 +3.2345711139e+02 +1.2678102339e-04
+6.1775211128e+03 +2.1600374859e+04 -1.4094535517e+00 +0.0000000000e+00 +0.0000000000e+00 +3.2379884501e+02 +1.1900641157e-04
+6.2542213240e+03 +2.1600317251e+04 -1.2407130873e+00 +0.0000000000e+00 +0.0000000000e+00 +3.2414399596e+02 +1.1163789216e-04
+6.3316885372e+03 +2.1600268997e+04 -1.0702852181e+00 +0.0000000000e+00 +0.0000000000e+00 +3.2449259842e+02 +1.0465869341e-04
+6.4099304226e+03 +2.1600228497e+04 -8.9815307032e-01 +0.0000000000e+00 +0.0000000000e+00 +3.2484468690e+02 +9.8052489812e-05
+6.4889547268e+03 +2.1600194438e+04 -7.2429960102e-01 +0.0000000000e+00 +0.0000000000e+00 +3.2520029627e+02 +9.1803402274e-05
+6.5687692741e+03 +2.1600165740e+04 -5.4870759703e-01 +0.0000000000e+00 +0.0000000000e+00 +3.2555946173e+02 +8.5895997758e-05
+6.6493819668e+03 +2.1600141515e+04 -3.7135967300e-01 +0.0000000000e+00 +0.0000000000e+00 +3.2592221885e+02 +8.0315288257e-05
+6.7308007865e+03 +2.1600121027e+04 -1.9223826973e-01 +0.0000000000e+00 +0.0000000000e+00 +3.2628860354e+02 +7.5046729213e-05
+6.8130337944e+03 +2.1600103670e+04 -1.1325652426e-02 +0.0000000000e+00 +0.0000000000e+00 +3.2665865207e+02 +7.0076217359e-05
+6.8960891323e+03 +2.1600088939e+04 +1.7139609105e-01 +0.0000000000e+00 +0.0000000000e+00 +3.2703240110e+02 +6.5390088011e-05
+6.9799750236e+03 +2.1600076416e+04 +3.5594505196e-01 +0.0000000000e+00 +0.0000000000e+00 +3.2740988761e+02 +6.0975111827e-05
