# 
#     height         th_l          q_t            u            v          TKE
         7.5       298.25       0.0135     -14.9835            0     0.998125
        22.5       298.25       0.0135     -14.9505            0     0.994375
       37.65       298.25       0.0135     -14.9172            0     0.990588
     52.9515       298.25       0.0135     -14.8835            0     0.986762
      68.406       298.25       0.0135     -14.8495            0     0.982898
     84.0151       298.25       0.0135     -14.8152            0     0.978996
     99.7802       298.25       0.0135     -14.7805            0     0.975055
     115.703       298.25       0.0135     -14.7455            0     0.971074
     131.785       298.25       0.0135     -14.7101            0     0.967054
     148.028       298.25       0.0135     -14.6743            0     0.962993
     164.433       298.25       0.0135     -14.6382            0     0.958892
     181.003       298.25       0.0135     -14.6018            0     0.954749
     197.738       298.25       0.0135      -14.565            0     0.950566
      214.64       298.25       0.0135     -14.5278            0      0.94634
     231.711       298.25       0.0135     -14.4902            0     0.942072
     248.953       298.25       0.0135     -14.4523            0     0.937762
     266.368       298.25       0.0135      -14.414            0     0.933408
     283.957       298.25       0.0135     -14.3753            0     0.929011
     301.721       298.25       0.0135     -14.3362            0      0.92457
     319.663       298.25       0.0135     -14.2967            0     0.920084
     337.785       298.25       0.0135     -14.2569            0     0.915554
     356.088       298.25       0.0135     -14.2166            0     0.910978
     374.574       298.25       0.0135     -14.1759            0     0.906357
     393.245       298.25       0.0135     -14.1349            0     0.901689
     412.102       298.25       0.0135     -14.0934            0     0.896975
     431.148       298.25       0.0135     -14.0515            0     0.892213
     450.384       298.25       0.0135     -14.0092            0     0.887404
     469.813       298.25       0.0135     -13.9664            0     0.882547
     489.436       298.25       0.0135     -13.9232            0     0.877641
     509.256      298.292    0.0133963     -13.8796            0     0.872686
     529.273      298.382    0.0131747     -13.8356            0     0.867682
     549.491      298.473    0.0129546     -13.7911            0     0.862627
     569.911      298.565     0.012736     -13.7462            0     0.857522
     590.535      298.657     0.012519     -13.7008            0     0.852366
     611.365      298.751    0.0123035      -13.655            0     0.847159
     632.404      298.846    0.0120897     -13.6087            0     0.841899
     653.653      298.941    0.0118775      -13.562            0     0.836587
     675.115      299.038     0.011667     -13.5147            0     0.831221
     696.791      299.136    0.0114581     -13.4671            0     0.825802
     718.684      299.234     0.011251     -13.4189            0     0.820329
     740.796      299.334    0.0110455     -13.3702            0     0.814801
     763.129      299.434    0.0108419     -13.3211            0     0.809218
     785.685      299.536      0.01064     -13.2715            0     0.803579
     808.467      299.638    0.0104399     -13.2214            0     0.797883
     831.476      299.742    0.0102416     -13.1708            0     0.792131
     854.716      299.846    0.0100452     -13.1196            0     0.786321
     878.188      299.952    0.0098506      -13.068            0     0.780453
     901.895      300.059   0.00965791     -13.0158            0     0.774526
     925.839      300.166   0.00946711     -12.9632            0      0.76854
     950.023      300.275   0.00927823       -12.91            0     0.762494
     974.448      300.385   0.00909129     -12.8562            0     0.756388
     999.117      300.496    0.0089063     -12.8019            0     0.750221
     1024.03      300.608   0.00872328     -12.7471            0     0.743992
      1049.2      300.721   0.00854225     -12.6918            0       0.7377
     1074.62      300.836   0.00836322     -12.6358            0     0.731346
     1100.29      300.951   0.00818621     -12.5794            0     0.724928
     1126.21      301.068   0.00801123     -12.5223            0     0.718446
      1152.4      301.186    0.0078383     -12.4647            0       0.7119
     1178.85      301.305   0.00766742     -12.4065            0     0.705287
     1205.56      301.425   0.00749862     -12.3478            0     0.698609
     1232.55      301.546   0.00733191     -12.2884            0     0.691864
      1259.8      301.669   0.00716728     -12.2284            0     0.685051
     1287.32      301.793   0.00700477     -12.1679            0      0.67817
     1315.12      301.918   0.00684437     -12.1067            0     0.671221
     1343.19      302.044   0.00668609      -12.045            0     0.664202
     1371.55      302.172   0.00652994     -11.9826            0     0.657113
     1400.19      302.301   0.00637594     -11.9196            0     0.649952
     1429.12      302.431   0.00622408     -11.8559            0     0.642721
     1458.33      302.562   0.00607437     -11.7917            0     0.635417
     1487.84      302.695   0.00592682     -11.7267            0      0.62804
     1517.65      302.829   0.00578144     -11.6612            0     0.620589
     1547.75      302.965   0.00563822      -11.595            0     0.613063
     1578.15      303.102   0.00549716     -11.5281            0     0.605463
     1608.86       303.24   0.00535828     -11.4605            0     0.597786
     1639.87      303.379   0.00522157     -11.3923            0     0.590033
     1671.19       303.52   0.00508704     -11.3234            0     0.582202
     1702.83      303.663   0.00495468     -11.2538            0     0.574293
     1734.78      303.807   0.00482448     -11.1835            0     0.566304
     1767.06      303.952   0.00469646     -11.1125            0     0.558236
     1799.65      304.098   0.00457061     -11.0408            0     0.550087
     1832.57      304.247   0.00444692     -10.9683            0     0.541857
     1865.82      304.396   0.00432539     -10.8952            0     0.533544
     1899.41      304.547   0.00420602     -10.8213            0     0.525148
     1933.33        304.7    0.0040888     -10.7467            0     0.516669
     1967.58      304.854   0.00397372     -10.6713            0     0.508104
     2002.18       305.01   0.00386078     -10.5952            0     0.499454
     2037.13      305.167   0.00374997     -10.5183            0     0.490717
     2072.43      305.326   0.00364127     -10.4407            0     0.481893
     2108.08      305.486   0.00353469     -10.3622            0     0.472981
     2144.08      305.648   0.00343021      -10.283            0     0.463979
     2180.45      305.812   0.00332781      -10.203            0     0.454888
     2217.18      305.977    0.0032275     -10.1222            0     0.445705
     2254.28      306.144   0.00312925     -10.0406            0     0.436431
     2291.74      306.313   0.00303306     -9.95817            0     0.427064
     2329.59      306.483    0.0029389     -9.87491            0     0.417604
     2367.81      306.655   0.00284677     -9.79083            0     0.408048
     2406.41      306.829   0.00275665      -9.7059            0     0.398398
      2445.4      307.004   0.00266852     -9.62012            0      0.38865
     2484.78      307.181   0.00258237     -9.53349            0     0.378806
     2524.55       307.36   0.00249819     -9.44599            0     0.368862
     2564.72      307.541   0.00241594     -9.35761            0      0.35882
     2605.29      307.724   0.00233562     -9.26836            0     0.348677
     2646.27      307.908   0.00225721      -9.1782            0     0.338432
     2687.66      308.094   0.00218069     -9.08715            0     0.328085
     2729.46      308.283   0.00210603     -8.99519            0     0.317635
     2771.68      308.473   0.00203323      -8.9023            0      0.30708
     2814.32      308.664   0.00196224     -8.80849            0      0.29642
     2857.39      308.858   0.00189307     -8.71374            0     0.285653
     2900.89      309.054   0.00182567     -8.61804            0     0.274778
     2944.82      309.252   0.00176004     -8.52139            0     0.263794
      2989.2      309.451   0.00169615     -8.42377            0     0.252701
     3034.01      309.653   0.00163397     -8.32517            0     0.241497
     3079.28      309.857   0.00157348     -8.22559            0     0.230181
        3125      310.062   0.00151466     -8.12501            0     0.218751
     3171.17       310.27   0.00145749     -8.02342            0     0.207207
     3217.81       310.48   0.00140193     -7.92082            0     0.195548
     3264.91      310.692   0.00134797      -7.8172            0     0.183772
     3312.48      310.906   0.00129557     -7.71253            0     0.171879
     3360.53      311.122   0.00124472     -7.60682            0     0.159866
     3409.06      311.341   0.00119539     -7.50006            0     0.147734
     3458.08      311.561   0.00114754     -7.39222            0      0.13548
     3507.59      311.784   0.00110116     -7.28331            0     0.123103
     3557.59      312.009   0.00105622     -7.17331            0     0.110603
     3608.09      312.236    0.0010127     -7.06221            0     0.097978
     3659.09      312.466  0.000970554     -6.94999            0    0.0852266
     3710.61      312.698   0.00092977     -6.83666            0    0.0723476
     3762.64      312.932  0.000890317     -6.72219            0    0.0593398
     3815.19      313.168  0.000852169     -6.60658            0     0.046202
     3868.27      313.407  0.000815298     -6.48981            0    0.0329327
     3921.88      313.648  0.000779678     -6.37187            0    0.0195308
     3976.02      313.892  0.000745281     -6.25275            0   0.00599487
     4030.71      314.138   0.00071208     -6.13245            0        1e-08
     4085.94      314.387  0.000680048     -6.01094            0        1e-08
     4141.72      314.638  0.000649158     -5.88821            0        1e-08
     4198.06      314.891  0.000619383     -5.76426            0        1e-08
     4254.97      315.147  0.000590697     -5.63907            0        1e-08
     4312.44      315.406  0.000563072     -5.51262            0        1e-08
     4370.49      315.667  0.000536482     -5.38491            0        1e-08
     4429.12      315.931    0.0005109     -5.25593            0        1e-08
     4488.34      316.198  0.000486301     -5.12565            0        1e-08
     4548.15      316.467  0.000462658     -4.99407            0        1e-08
     4608.56      316.738  0.000439945     -4.86118            0        1e-08
     4669.57      317.013  0.000418136     -4.72696            0        1e-08
     4731.19       317.29  0.000397206     -4.59139            0        1e-08
     4793.42       317.57  0.000377131     -4.45447            0        1e-08
     4856.28      317.853  0.000357884     -4.31618            0        1e-08
     4919.77      318.139  0.000339442     -4.17651            0        1e-08
     4983.89      318.428   0.00032178     -4.03544            0        1e-08
     5048.66      318.719  0.000304874     -3.89295            0        1e-08
     5114.07      319.013    0.0002887     -3.74905            0        1e-08
     5180.13      319.311  0.000273235      -3.6037            0        1e-08
     5246.86      319.611  0.000258457     -3.45691            0        1e-08
     5314.25      319.914  0.000244341     -3.30864            0        1e-08
     5382.32       320.22  0.000230867     -3.15889            0        1e-08
     5451.07       320.53  0.000218013     -3.00765            0        1e-08
     5520.51      320.842  0.000205756     -2.85489            0        1e-08
     5590.64      321.158  0.000194076      -2.7006            0        1e-08
     5661.47      321.477  0.000182952     -2.54477            0        1e-08
     5733.01      321.799  0.000172364     -2.38738            0        1e-08
     5805.26      322.124  0.000162291     -2.22842            0        1e-08
     5878.24      322.452  0.000152716     -2.06787            0        1e-08
     5951.95      322.784  0.000143618     -1.90572            0        1e-08
     6026.39      323.119  0.000134979     -1.74194            0        1e-08
     6101.58      323.457  0.000126781     -1.57652            0        1e-08
     6177.52      323.799  0.000119006     -1.40945            0        1e-08
     6254.22      324.144  0.000111638     -1.24071            0        1e-08
     6331.69      324.493  0.000104659     -1.07029            0        1e-08
     6409.93      324.845  9.80525e-05    -0.898153            0        1e-08
     6488.95        325.2  9.18034e-05      -0.7243            0        1e-08
     6568.77      325.559   8.5896e-05    -0.548708            0        1e-08
     6649.38      325.922  8.03153e-05     -0.37136            0        1e-08
      6730.8      326.289  7.50467e-05    -0.192238            0        1e-08
     6813.03      326.659  7.00762e-05   -0.0113257            0        1e-08
     6896.09      327.032  6.53901e-05     0.171396            0        1e-08
     6979.98       327.41  6.09751e-05     0.355945            0        1e-08
