# 
#     height           ug           vg         wfls      dqtdxls      dqtdyls      dqtdtls      dthlrad
         7.5      -4.9835            0  2.52436e-06            0            0 -1.72676e-08 -5.75832e-06
        22.5      -4.9505            0  7.68903e-06            0            0 -1.72027e-08 -5.71497e-06
       37.65     -4.91717            0  1.30529e-05            0            0 -1.71372e-08 -5.67119e-06
     52.9515     -4.88351            0  1.86092e-05            0            0  -1.7071e-08 -5.62697e-06
      68.406     -4.84951            0   2.4351e-05            0            0 -1.70041e-08 -5.58231e-06
     84.0151     -4.81517            0  3.02702e-05            0            0 -1.69366e-08  -5.5372e-06
     99.7802     -4.78048            0  3.63586e-05            0            0 -1.68685e-08 -5.49164e-06
     115.703     -4.74545            0   4.2607e-05            0            0 -1.67996e-08 -5.44562e-06
     131.785     -4.71007            0  4.90058e-05            0            0   -1.673e-08 -5.39914e-06
     148.028     -4.67434            0  5.55445e-05            0            0 -1.66598e-08  -5.3522e-06
     164.433     -4.63825            0   6.2212e-05            0            0 -1.65888e-08 -5.30479e-06
     181.003     -4.60179            0  6.89964e-05            0            0 -1.65172e-08  -5.2569e-06
     197.738     -4.56498            0  7.58851e-05            0            0 -1.64448e-08 -5.20854e-06
      214.64     -4.52779            0  8.28648e-05            0            0 -1.63717e-08 -5.15969e-06
     231.711     -4.49024            0  8.99211e-05            0            0 -1.62978e-08 -5.11035e-06
     248.953      -4.4523            0  9.70392e-05            0            0 -1.62233e-08 -5.06052e-06
     266.368     -4.41399            0  0.000104203            0            0  -1.6148e-08  -5.0102e-06
     283.957      -4.3753            0  0.000111396            0            0 -1.60719e-08 -4.95937e-06
     301.721     -4.33621            0    0.0001186            0            0 -1.59951e-08 -4.90803e-06
     319.663     -4.29674            0  0.000125797            0            0 -1.59175e-08 -4.85617e-06
     337.785     -4.25687            0  0.000132966            0            0 -1.58391e-08  -4.8038e-06
     356.088     -4.21661            0  0.000140089            0            0 -1.57599e-08 -4.75091e-06
     374.574     -4.17594            0  0.000147142            0            0   -1.568e-08 -4.69748e-06
     393.245     -4.13486            0  0.000154104            0            0 -1.55992e-08 -4.64352e-06
     412.102     -4.09338            0  0.000160951            0            0 -1.55177e-08 -4.58903e-06
     431.148     -4.05147            0  0.000167659            0            0 -1.54353e-08 -4.53398e-06
     450.384     -4.00915            0    0.0001742            0            0 -1.53521e-08 -4.47839e-06
     469.813     -3.96641            0   0.00018055            0            0 -1.52681e-08 -4.42224e-06
     489.436     -3.92324            0  0.000186679            0            0 -1.51832e-08 -4.36553e-06
     509.256     -3.87964            0  0.000192558            0            0 -1.50975e-08 -4.30825e-06
     529.273      -3.8356            0  0.000198158            0            0 -1.50109e-08  -4.2504e-06
     549.491     -3.79112            0  0.000203447            0            0 -1.49235e-08 -4.19197e-06
     569.911      -3.7462            0  0.000208392            0            0 -1.48351e-08 -4.13296e-06
     590.535     -3.70082            0  0.000212959            0            0 -1.47459e-08 -4.07335e-06
     611.365       -3.655            0  0.000217114            0            0 -1.46558e-08 -4.01315e-06
     632.404     -3.60871            0   0.00022082            0            0 -1.45649e-08 -3.95235e-06
     653.653     -3.56196            0  0.000224039            0            0  -1.4473e-08 -3.89094e-06
     675.115     -3.51475            0  0.000226734            0            0 -1.43801e-08 -3.82892e-06
     696.791     -3.46706            0  0.000228863            0            0 -1.42864e-08 -3.76627e-06
     718.684      -3.4189            0  0.000230387            0            0 -1.41917e-08   -3.703e-06
     740.796     -3.37025            0  0.000231263            0            0 -1.40961e-08  -3.6391e-06
     763.129     -3.32112            0  0.000231446            0            0 -1.39995e-08 -3.57456e-06
     785.685     -3.27149            0  0.000230893            0            0 -1.39019e-08 -3.50937e-06
     808.467     -3.22137            0  0.000229558            0            0 -1.38034e-08 -3.44353e-06
     831.476     -3.17075            0  0.000227393            0            0 -1.37039e-08 -3.37703e-06
     854.716     -3.11962            0  0.000224351            0            0 -1.36034e-08 -3.30987e-06
     878.188     -3.06799            0  0.000220382            0            0 -1.35018e-08 -3.24204e-06
     901.895     -3.01583            0  0.000215436            0            0 -1.33993e-08 -3.17352e-06
     925.839     -2.96315            0  0.000209461            0            0 -1.32957e-08 -3.10432e-06
     950.023     -2.90995            0  0.000202405            0            0 -1.31912e-08 -3.03443e-06
     974.448     -2.85621            0  0.000194216            0            0 -1.30855e-08 -2.96385e-06
     999.117     -2.80194            0  0.000184838            0            0 -1.29788e-08 -2.89255e-06
     1024.03     -2.74713            0  0.000174217            0            0 -1.28711e-08 -2.82054e-06
      1049.2     -2.69176            0  0.000162298            0            0 -1.27622e-08 -2.74782e-06
     1074.62     -2.63585            0  0.000149023            0            0 -1.26523e-08 -2.67436e-06
     1100.29     -2.57937            0  0.000134337            0            0 -1.25413e-08 -2.60017e-06
     1126.21     -2.52233            0  0.000118181            0            0 -1.24291e-08 -2.52524e-06
      1152.4     -2.46472            0  0.000100499            0            0 -1.23159e-08 -2.44956e-06
     1178.85     -2.40653            0  8.12314e-05            0            0 -1.22015e-08 -2.37312e-06
     1205.56     -2.34776            0  6.03212e-05            0            0 -1.20859e-08 -2.29592e-06
     1232.55      -2.2884            0  3.77099e-05            0            0 -1.19692e-08 -2.21794e-06
      1259.8     -2.22845            0  1.33395e-05            0            0 -1.18514e-08 -2.13919e-06
     1287.32      -2.1679            0 -1.28478e-05            0            0 -1.17323e-08 -2.05965e-06
     1315.12     -2.10674            0 -4.09092e-05            0            0 -1.16121e-08 -1.97931e-06
     1343.19     -2.04498            0 -7.09014e-05            0            0 -1.14907e-08 -1.89817e-06
     1371.55     -1.98259            0  -0.00010288            0            0  -1.1368e-08 -1.81622e-06
     1400.19     -1.91958            0 -0.000136901            0            0 -1.12442e-08 -1.73345e-06
     1429.12     -1.85594            0 -0.000173018            0            0 -1.11191e-08 -1.64985e-06
     1458.33     -1.79167            0 -0.000211282            0            0 -1.09927e-08 -1.56542e-06
     1487.84     -1.72675            0 -0.000251745            0            0 -1.08651e-08 -1.48014e-06
     1517.65     -1.66118            0 -0.000294456            0            0 -1.07362e-08 -1.39401e-06
     1547.75     -1.59496            0 -0.000339462            0            0  -1.0606e-08 -1.30701e-06
     1578.15     -1.52807            0 -0.000386807            0            0 -1.04745e-08 -1.21915e-06
     1608.86     -1.46052            0 -0.000436533            0            0 -1.03417e-08 -1.13041e-06
     1639.87     -1.39229            0 -0.000488679            0            0 -1.02076e-08 -1.04078e-06
     1671.19     -1.32338            0 -0.000543281            0            0 -1.00721e-08 -9.50253e-07
     1702.83     -1.25377            0 -0.000600372            0            0 -9.93526e-09 -8.58822e-07
     1734.78     -1.18348            0  -0.00065998            0            0 -9.79706e-09 -7.66477e-07
     1767.06     -1.11248            0 -0.000722129            0            0 -9.65748e-09 -6.73209e-07
     1799.65     -1.04077            0 -0.000786839            0            0 -9.51651e-09 -5.79008e-07
     1832.57     -0.96834            0 -0.000854126            0            0 -9.37412e-09 -4.83865e-07
     1865.82    -0.895188            0 -0.000923999            0            0 -9.23031e-09  -3.8777e-07
     1899.41    -0.821305            0 -0.000996461            0            0 -9.08507e-09 -2.90714e-07
     1933.33    -0.746683            0  -0.00107151            0            0 -8.93837e-09 -1.92688e-07
     1967.58    -0.671315            0  -0.00114915            0            0  -8.7902e-09 -9.36819e-08
     2002.18    -0.595193            0  -0.00122934            0            0 -8.64055e-09            0
     2037.13     -0.51831            0  -0.00131209            0            0  -8.4894e-09            0
     2072.43    -0.440658            0  -0.00139734            0            0 -8.33675e-09            0
     2108.08     -0.36223            0  -0.00148508            0            0 -8.18257e-09            0
     2144.08    -0.283017            0  -0.00157525            0            0 -8.02684e-09            0
     2180.45    -0.203012            0  -0.00166779            0            0 -7.86956e-09            0
     2217.18    -0.122207            0  -0.00176265            0            0  -7.7107e-09            0
     2254.28   -0.0405944            0  -0.00185976            0            0 -7.55026e-09            0
     2291.74    0.0418347            0  -0.00195902            0            0 -7.38821e-09            0
     2329.59     0.125088            0  -0.00206035            0            0 -7.22454e-09            0
     2367.81     0.209174            0  -0.00216364            0            0 -7.05924e-09            0
     2406.41     0.294101            0  -0.00226879            0            0 -6.89228e-09            0
      2445.4     0.379877            0  -0.00237566            0            0 -6.72365e-09            0
     2484.78      0.46651            0  -0.00248411            0            0 -6.55334e-09            0
     2524.55     0.554011            0  -0.00259401            0            0 -6.38132e-09            0
     2564.72     0.642386            0  -0.00270518            0            0 -6.20758e-09            0
     2605.29     0.731644            0  -0.00281746            0            0 -6.03211e-09            0
     2646.27     0.821796            0  -0.00293066            0            0 -5.85488e-09            0
     2687.66     0.912849            0  -0.00304459            0            0 -5.67588e-09            0
     2729.46      1.00481            0  -0.00315903            0            0 -5.49508e-09            0
     2771.68       1.0977            0  -0.00327377            0            0 -5.31248e-09            0
     2814.32      1.19151            0  -0.00338856            0            0 -5.12806e-09            0
     2857.39      1.28626            0  -0.00350317            0            0 -4.94179e-09            0
     2900.89      1.38196            0  -0.00361733            0            0 -4.75366e-09            0
     2944.82      1.47861            0  -0.00373077            0            0 -4.56364e-09            0
      2989.2      1.57623            0  -0.00384322            0            0 -4.37173e-09            0
     3034.01      1.67483            0  -0.00395438            0            0 -4.17789e-09            0
     3079.28      1.77441            0  -0.00406394            0            0 -3.98212e-09            0
        3125      1.87499            0   -0.0041716            0            0 -3.78439e-09            0
     3171.17      1.97658            0  -0.00427703            0            0 -3.58469e-09            0
     3217.81      2.07918            0  -0.00437991            0            0 -3.38298e-09            0
     3264.91       2.1828            0   -0.0044799            0            0 -3.17926e-09            0
     3312.48      2.28747            0  -0.00457665            0            0  -2.9735e-09            0
     3360.53      2.39318            0  -0.00466982            0            0 -2.76569e-09            0
     3409.06      2.49994            0  -0.00475906            0            0  -2.5558e-09            0
     3458.08      2.60778            0  -0.00484401            0            0  -2.3438e-09            0
     3507.59      2.71669            0  -0.00492433            0            0 -2.12969e-09            0
     3557.59      2.82669            0  -0.00499966            0            0 -1.91344e-09            0
     3608.09      2.93779            0  -0.00506965            0            0 -1.69502e-09            0
     3659.09      3.05001            0  -0.00513397            0            0 -1.47442e-09            0
     3710.61      3.16334            0  -0.00519227            0            0 -1.25161e-09            0
     3762.64      3.27781            0  -0.00524424            0            0 -1.02658e-09            0
     3815.19      3.39342            0  -0.00528955            0            0 -7.99294e-10            0
     3868.27      3.51019            0  -0.00532792            0            0 -5.69736e-10            0
     3921.88      3.62813            0  -0.00535906            0            0 -3.37883e-10            0
     3976.02      3.74725            0  -0.00538271            0            0 -1.03711e-10            0
     4030.71      3.86755            0  -0.00539863            0            0            0            0
     4085.94      3.98906            0  -0.00540662            0            0            0            0
     4141.72      4.11179            0  -0.00540649            0            0            0            0
     4198.06      4.23574            0   -0.0053981            0            0            0            0
     4254.97      4.36093            0  -0.00538132            0            0            0            0
     4312.44      4.48738            0  -0.00535608            0            0            0            0
     4370.49      4.61509            0  -0.00532236            0            0            0            0
     4429.12      4.74407            0  -0.00528015            0            0            0            0
     4488.34      4.87435            0  -0.00522952            0            0            0            0
     4548.15      5.00593            0  -0.00517057            0            0            0            0
     4608.56      5.13882            0  -0.00510347            0            0            0            0
     4669.57      5.27304            0  -0.00502843            0            0            0            0
     4731.19      5.40861            0  -0.00494573            0            0            0            0
     4793.42      5.54553            0   -0.0048557            0            0            0            0
     4856.28      5.68382            0  -0.00475874            0            0            0            0
     4919.77      5.82349            0  -0.00465531            0            0            0            0
     4983.89      5.96456            0  -0.00454592            0            0            0            0
     5048.66      6.10705            0  -0.00443117            0            0            0            0
     5114.07      6.25095            0  -0.00431171            0            0            0            0
     5180.13       6.3963            0  -0.00418825            0            0            0            0
     5246.86      6.54309            0  -0.00406157            0            0            0            0
     5314.25      6.69136            0  -0.00396293            0            0            0            0
     5382.32      6.84111            0  -0.00397735            0            0            0            0
     5451.07      6.99235            0  -0.00399153            0            0            0            0
     5520.51      7.14511            0  -0.00400546            0            0            0            0
     5590.64       7.2994            0  -0.00401914            0            0            0            0
     5661.47      7.45523            0  -0.00403257            0            0            0            0
     5733.01      7.61262            0  -0.00404576            0            0            0            0
     5805.26      7.77158            0   -0.0040587            0            0            0            0
     5878.24      7.93213            0  -0.00407139            0            0            0            0
     5951.95      8.09428            0  -0.00408385            0            0            0            0
     6026.39      8.25806            0  -0.00409606            0            0            0            0
     6101.58      8.42348            0  -0.00410802            0            0            0            0
     6177.52      8.59055            0  -0.00411975            0            0            0            0
     6254.22      8.75929            0  -0.00413124            0            0            0            0
     6331.69      8.92971            0  -0.00414249            0            0            0            0
     6409.93      9.10185            0  -0.00415351            0            0            0            0
     6488.95       9.2757            0  -0.00416429            0            0            0            0
     6568.77      9.45129            0  -0.00417484            0            0            0            0
     6649.38      9.62864            0  -0.00418516            0            0            0            0
      6730.8      9.80776            0  -0.00419524            0            0            0            0
     6813.03      9.98867            0  -0.00420511            0            0            0            0
     6896.09      10.1714            0  -0.00421474            0            0            0            0
     6979.98      10.3559            0  -0.00422415            0            0            0            0
