# 
#     height           ug           vg         wfls      dqtdxls      dqtdyls      dqtdtls      dthlrad
         7.5     -9.99175            0 -2.10373e-05            0            0 -1.72676e-08 -5.75832e-06
        22.5     -9.97525            0 -6.29884e-05            0            0 -1.72027e-08 -5.71497e-06
       37.65     -9.95858            0 -0.000105189            0            0 -1.71372e-08 -5.67119e-06
     52.9515     -9.94175            0 -0.000147634            0            0  -1.7071e-08 -5.62697e-06
      68.406     -9.92475            0 -0.000190317            0            0 -1.70041e-08 -5.58231e-06
     84.0151     -9.90758            0 -0.000233235            0            0 -1.69366e-08  -5.5372e-06
     99.7802     -9.89024            0  -0.00027638            0            0 -1.68685e-08 -5.49164e-06
     115.703     -9.87273            0 -0.000319746            0            0 -1.67996e-08 -5.44562e-06
     131.785     -9.85504            0 -0.000363327            0            0   -1.673e-08 -5.39914e-06
     148.028     -9.83717            0 -0.000407116            0            0 -1.66598e-08  -5.3522e-06
     164.433     -9.81912            0 -0.000451105            0            0 -1.65888e-08 -5.30479e-06
     181.003      -9.8009            0 -0.000495286            0            0 -1.65172e-08  -5.2569e-06
     197.738     -9.78249            0 -0.000539652            0            0 -1.64448e-08 -5.20854e-06
      214.64      -9.7639            0 -0.000584193            0            0 -1.63717e-08 -5.15969e-06
     231.711     -9.74512            0 -0.000628901            0            0 -1.62978e-08 -5.11035e-06
     248.953     -9.72615            0 -0.000673766            0            0 -1.62233e-08 -5.06052e-06
     266.368       -9.707            0 -0.000718778            0            0  -1.6148e-08  -5.0102e-06
     283.957     -9.68765            0 -0.000763927            0            0 -1.60719e-08 -4.95937e-06
     301.721     -9.66811            0 -0.000809202            0            0 -1.59951e-08 -4.90803e-06
     319.663     -9.64837            0  -0.00085459            0            0 -1.59175e-08 -4.85617e-06
     337.785     -9.62844            0 -0.000900082            0            0 -1.58391e-08  -4.8038e-06
     356.088      -9.6083            0 -0.000945663            0            0 -1.57599e-08 -4.75091e-06
     374.574     -9.58797            0 -0.000991321            0            0   -1.568e-08 -4.69748e-06
     393.245     -9.56743            0  -0.00103704            0            0 -1.55992e-08 -4.64352e-06
     412.102     -9.54669            0  -0.00108281            0            0 -1.55177e-08 -4.58903e-06
     431.148     -9.52574            0  -0.00112862            0            0 -1.54353e-08 -4.53398e-06
     450.384     -9.50458            0  -0.00117445            0            0 -1.53521e-08 -4.47839e-06
     469.813     -9.48321            0  -0.00122028            0            0 -1.52681e-08 -4.42224e-06
     489.436     -9.46162            0  -0.00126609            0            0 -1.51832e-08 -4.36553e-06
     509.256     -9.43982            0  -0.00131188            0            0 -1.50975e-08 -4.30825e-06
     529.273      -9.4178            0  -0.00135763            0            0 -1.50109e-08  -4.2504e-06
     549.491     -9.39556            0   -0.0014033            0            0 -1.49235e-08 -4.19197e-06
     569.911      -9.3731            0   -0.0014489            0            0 -1.48351e-08 -4.13296e-06
     590.535     -9.35041            0  -0.00149439            0            0 -1.47459e-08 -4.07335e-06
     611.365      -9.3275            0  -0.00153975            0            0 -1.46558e-08 -4.01315e-06
     632.404     -9.30436            0  -0.00158498            0            0 -1.45649e-08 -3.95235e-06
     653.653     -9.28098            0  -0.00163004            0            0  -1.4473e-08 -3.89094e-06
     675.115     -9.25737            0  -0.00167491            0            0 -1.43801e-08 -3.82892e-06
     696.791     -9.23353            0  -0.00171958            0            0 -1.42864e-08 -3.76627e-06
     718.684     -9.20945            0  -0.00176401            0            0 -1.41917e-08   -3.703e-06
     740.796     -9.18512            0  -0.00180818            0            0 -1.40961e-08  -3.6391e-06
     763.129     -9.16056            0  -0.00185208            0            0 -1.39995e-08 -3.57456e-06
     785.685     -9.13575            0  -0.00189567            0            0 -1.39019e-08 -3.50937e-06
     808.467     -9.11069            0  -0.00193893            0            0 -1.38034e-08 -3.44353e-06
     831.476     -9.08538            0  -0.00198183            0            0 -1.37039e-08 -3.37703e-06
     854.716     -9.05981            0  -0.00202435            0            0 -1.36034e-08 -3.30987e-06
     878.188     -9.03399            0  -0.00206646            0            0 -1.35018e-08 -3.24204e-06
     901.895     -9.00792            0  -0.00210813            0            0 -1.33993e-08 -3.17352e-06
     925.839     -8.98158            0  -0.00214933            0            0 -1.32957e-08 -3.10432e-06
     950.023     -8.95498            0  -0.00219004            0            0 -1.31912e-08 -3.03443e-06
     974.448     -8.92811            0  -0.00223022            0            0 -1.30855e-08 -2.96385e-06
     999.117     -8.90097            0  -0.00226985            0            0 -1.29788e-08 -2.89255e-06
     1024.03     -8.87356            0  -0.00230889            0            0 -1.28711e-08 -2.82054e-06
      1049.2     -8.84588            0  -0.00234731            0            0 -1.27622e-08 -2.74782e-06
     1074.62     -8.81792            0  -0.00238509            0            0 -1.26523e-08 -2.67436e-06
     1100.29     -8.78968            0  -0.00242219            0            0 -1.25413e-08 -2.60017e-06
     1126.21     -8.76116            0  -0.00245857            0            0 -1.24291e-08 -2.52524e-06
      1152.4     -8.73236            0  -0.00249422            0            0 -1.23159e-08 -2.44956e-06
     1178.85     -8.70326            0  -0.00252909            0            0 -1.22015e-08 -2.37312e-06
     1205.56     -8.67388            0  -0.00256316            0            0 -1.20859e-08 -2.29592e-06
     1232.55      -8.6442            0  -0.00259639            0            0 -1.19692e-08 -2.21794e-06
      1259.8     -8.61422            0  -0.00262875            0            0 -1.18514e-08 -2.13919e-06
     1287.32     -8.58395            0   -0.0026602            0            0 -1.17323e-08 -2.05965e-06
     1315.12     -8.55337            0  -0.00269073            0            0 -1.16121e-08 -1.97931e-06
     1343.19     -8.52249            0  -0.00272029            0            0 -1.14907e-08 -1.89817e-06
     1371.55      -8.4913            0  -0.00274885            0            0  -1.1368e-08 -1.81622e-06
     1400.19     -8.45979            0  -0.00277638            0            0 -1.12442e-08 -1.73345e-06
     1429.12     -8.42797            0  -0.00280286            0            0 -1.11191e-08 -1.64985e-06
     1458.33     -8.39583            0  -0.00282825            0            0 -1.09927e-08 -1.56542e-06
     1487.84     -8.36337            0  -0.00285252            0            0 -1.08651e-08 -1.48014e-06
     1517.65     -8.33059            0  -0.00287565            0            0 -1.07362e-08 -1.39401e-06
     1547.75     -8.29748            0   -0.0028976            0            0  -1.0606e-08 -1.30701e-06
     1578.15     -8.26404            0  -0.00291836            0            0 -1.04745e-08 -1.21915e-06
     1608.86     -8.23026            0   -0.0029379            0            0 -1.03417e-08 -1.13041e-06
     1639.87     -8.19614            0  -0.00295619            0            0 -1.02076e-08 -1.04078e-06
     1671.19     -8.16169            0  -0.00297321            0            0 -1.00721e-08 -9.50253e-07
     1702.83     -8.12689            0  -0.00298895            0            0 -9.93526e-09 -8.58822e-07
     1734.78     -8.09174            0  -0.00300338            0            0 -9.79706e-09 -7.66477e-07
     1767.06     -8.05624            0  -0.00301649            0            0 -9.65748e-09 -6.73209e-07
     1799.65     -8.02038            0  -0.00302825            0            0 -9.51651e-09 -5.79008e-07
     1832.57     -7.98417            0  -0.00303867            0            0 -9.37412e-09 -4.83865e-07
     1865.82     -7.94759            0  -0.00304773            0            0 -9.23031e-09  -3.8777e-07
     1899.41     -7.91065            0  -0.00305542            0            0 -9.08507e-09 -2.90714e-07
     1933.33     -7.87334            0  -0.00306174            0            0 -8.93837e-09 -1.92688e-07
     1967.58     -7.83566            0  -0.00306669            0            0  -8.7902e-09 -9.36819e-08
     2002.18      -7.7976            0  -0.00307027            0            0 -8.64055e-09            0
     2037.13     -7.75916            0  -0.00307249            0            0  -8.4894e-09            0
     2072.43     -7.72033            0  -0.00307334            0            0 -8.33675e-09            0
     2108.08     -7.68111            0  -0.00307286            0            0 -8.18257e-09            0
     2144.08     -7.64151            0  -0.00307104            0            0 -8.02684e-09            0
     2180.45     -7.60151            0  -0.00306792            0            0 -7.86956e-09            0
     2217.18      -7.5611            0  -0.00306352            0            0  -7.7107e-09            0
     2254.28      -7.5203            0  -0.00305786            0            0 -7.55026e-09            0
     2291.74     -7.47908            0  -0.00305098            0            0 -7.38821e-09            0
     2329.59     -7.43746            0  -0.00304293            0            0 -7.22454e-09            0
     2367.81     -7.39541            0  -0.00303374            0            0 -7.05924e-09            0
     2406.41     -7.35295            0  -0.00302346            0            0 -6.89228e-09            0
      2445.4     -7.31006            0  -0.00301215            0            0 -6.72365e-09            0
     2484.78     -7.26674            0  -0.00299986            0            0 -6.55334e-09            0
     2524.55     -7.22299            0  -0.00298667            0            0 -6.38132e-09            0
     2564.72     -7.17881            0  -0.00297264            0            0 -6.20758e-09            0
     2605.29     -7.13418            0  -0.00295785            0            0 -6.03211e-09            0
     2646.27      -7.0891            0  -0.00294238            0            0 -5.85488e-09            0
     2687.66     -7.04358            0  -0.00292632            0            0 -5.67588e-09            0
     2729.46     -6.99759            0  -0.00290977            0            0 -5.49508e-09            0
     2771.68     -6.95115            0  -0.00289282            0            0 -5.31248e-09            0
     2814.32     -6.90425            0  -0.00287559            0            0 -5.12806e-09            0
     2857.39     -6.85687            0  -0.00285818            0            0 -4.94179e-09            0
     2900.89     -6.80902            0  -0.00284071            0            0 -4.75366e-09            0
     2944.82      -6.7607            0   -0.0028233            0            0 -4.56364e-09            0
      2989.2     -6.71188            0  -0.00280609            0            0 -4.37173e-09            0
     3034.01     -6.66259            0  -0.00278921            0            0 -4.17789e-09            0
     3079.28     -6.61279            0  -0.00277279            0            0 -3.98212e-09            0
        3125      -6.5625            0  -0.00275698            0            0 -3.78439e-09            0
     3171.17     -6.51171            0  -0.00274193            0            0 -3.58469e-09            0
     3217.81     -6.46041            0  -0.00272779            0            0 -3.38298e-09            0
     3264.91      -6.4086            0  -0.00271471            0            0 -3.17926e-09            0
     3312.48     -6.35627            0  -0.00270285            0            0  -2.9735e-09            0
     3360.53     -6.30341            0  -0.00269237            0            0 -2.76569e-09            0
     3409.06     -6.25003            0  -0.00268344            0            0  -2.5558e-09            0
     3458.08     -6.19611            0  -0.00267622            0            0  -2.3438e-09            0
     3507.59     -6.14166            0  -0.00267087            0            0 -2.12969e-09            0
     3557.59     -6.08665            0  -0.00266755            0            0 -1.91344e-09            0
     3608.09      -6.0311            0  -0.00266642            0            0 -1.69502e-09            0
     3659.09       -5.975            0  -0.00266765            0            0 -1.47442e-09            0
     3710.61     -5.91833            0  -0.00267138            0            0 -1.25161e-09            0
     3762.64      -5.8611            0  -0.00267777            0            0 -1.02658e-09            0
     3815.19     -5.80329            0  -0.00268697            0            0 -7.99294e-10            0
     3868.27      -5.7449            0   -0.0026991            0            0 -5.69736e-10            0
     3921.88     -5.68594            0  -0.00271431            0            0 -3.37883e-10            0
     3976.02     -5.62638            0  -0.00273271            0            0 -1.03711e-10            0
     4030.71     -5.56622            0  -0.00275441            0            0            0            0
     4085.94     -5.50547            0  -0.00277951            0            0            0            0
     4141.72     -5.44411            0  -0.00280809            0            0            0            0
     4198.06     -5.38213            0  -0.00284022            0            0            0            0
     4254.97     -5.31953            0  -0.00287595            0            0            0            0
     4312.44     -5.25631            0  -0.00291532            0            0            0            0
     4370.49     -5.19246            0  -0.00295834            0            0            0            0
     4429.12     -5.12796            0    -0.003005            0            0            0            0
     4488.34     -5.06283            0  -0.00305528            0            0            0            0
     4548.15     -4.99704            0  -0.00310912            0            0            0            0
     4608.56     -4.93059            0  -0.00316646            0            0            0            0
     4669.57     -4.86348            0  -0.00322717            0            0            0            0
     4731.19     -4.79569            0  -0.00329114            0            0            0            0
     4793.42     -4.72723            0   -0.0033582            0            0            0            0
     4856.28     -4.65809            0  -0.00342817            0            0            0            0
     4919.77     -4.58825            0  -0.00350082            0            0            0            0
     4983.89     -4.51772            0  -0.00357592            0            0            0            0
     5048.66     -4.44648            0  -0.00365319            0            0            0            0
     5114.07     -4.37452            0  -0.00373231            0            0            0            0
     5180.13     -4.30185            0  -0.00381295            0            0            0            0
     5246.86     -4.22845            0  -0.00389474            0            0            0            0
     5314.25     -4.15432            0  -0.00396293            0            0            0            0
     5382.32     -4.07945            0  -0.00397735            0            0            0            0
     5451.07     -4.00382            0  -0.00399153            0            0            0            0
     5520.51     -3.92744            0  -0.00400546            0            0            0            0
     5590.64      -3.8503            0  -0.00401914            0            0            0            0
     5661.47     -3.77239            0  -0.00403257            0            0            0            0
     5733.01     -3.69369            0  -0.00404576            0            0            0            0
     5805.26     -3.61421            0   -0.0040587            0            0            0            0
     5878.24     -3.53394            0  -0.00407139            0            0            0            0
     5951.95     -3.45286            0  -0.00408385            0            0            0            0
     6026.39     -3.37097            0  -0.00409606            0            0            0            0
     6101.58     -3.28826            0  -0.00410802            0            0            0            0
     6177.52     -3.20473            0  -0.00411975            0            0            0            0
     6254.22     -3.12036            0  -0.00413124            0            0            0            0
     6331.69     -3.03514            0  -0.00414249            0            0            0            0
     6409.93     -2.94908            0  -0.00415351            0            0            0            0
     6488.95     -2.86215            0  -0.00416429            0            0            0            0
     6568.77     -2.77435            0  -0.00417484            0            0            0            0
     6649.38     -2.68568            0  -0.00418516            0            0            0            0
      6730.8     -2.59612            0  -0.00419524            0            0            0            0
     6813.03     -2.50566            0  -0.00420511            0            0            0            0
     6896.09      -2.4143            0  -0.00421474            0            0            0            0
     6979.98     -2.32203            0  -0.00422415            0            0            0            0
