# 
#     height           ug           vg         wfls      dqtdxls      dqtdyls      dqtdtls      dthlrad
         7.5      -5.9835            0 -2.10373e-05            0            0 -1.72676e-08 -5.75832e-06
        22.5      -5.9505            0 -6.29884e-05            0            0 -1.72027e-08 -5.71497e-06
       37.65     -5.91717            0 -0.000105189            0            0 -1.71372e-08 -5.67119e-06
     52.9515     -5.88351            0 -0.000147634            0            0  -1.7071e-08 -5.62697e-06
      68.406     -5.84951            0 -0.000190317            0            0 -1.70041e-08 -5.58231e-06
     84.0151     -5.81517            0 -0.000233235            0            0 -1.69366e-08  -5.5372e-06
     99.7802     -5.78048            0  -0.00027638            0            0 -1.68685e-08 -5.49164e-06
     115.703     -5.74545            0 -0.000319746            0            0 -1.67996e-08 -5.44562e-06
     131.785     -5.71007            0 -0.000363327            0            0   -1.673e-08 -5.39914e-06
     148.028     -5.67434            0 -0.000407116            0            0 -1.66598e-08  -5.3522e-06
     164.433     -5.63825            0 -0.000451105            0            0 -1.65888e-08 -5.30479e-06
     181.003     -5.60179            0 -0.000495286            0            0 -1.65172e-08  -5.2569e-06
     197.738     -5.56498            0 -0.000539652            0            0 -1.64448e-08 -5.20854e-06
      214.64     -5.52779            0 -0.000584193            0            0 -1.63717e-08 -5.15969e-06
     231.711     -5.49024            0 -0.000628901            0            0 -1.62978e-08 -5.11035e-06
     248.953      -5.4523            0 -0.000673766            0            0 -1.62233e-08 -5.06052e-06
     266.368     -5.41399            0 -0.000718778            0            0  -1.6148e-08  -5.0102e-06
     283.957      -5.3753            0 -0.000763927            0            0 -1.60719e-08 -4.95937e-06
     301.721     -5.33621            0 -0.000809202            0            0 -1.59951e-08 -4.90803e-06
     319.663     -5.29674            0  -0.00085459            0            0 -1.59175e-08 -4.85617e-06
     337.785     -5.25687            0 -0.000900082            0            0 -1.58391e-08  -4.8038e-06
     356.088     -5.21661            0 -0.000945663            0            0 -1.57599e-08 -4.75091e-06
     374.574     -5.17594            0 -0.000991321            0            0   -1.568e-08 -4.69748e-06
     393.245     -5.13486            0  -0.00103704            0            0 -1.55992e-08 -4.64352e-06
     412.102     -5.09338            0  -0.00108281            0            0 -1.55177e-08 -4.58903e-06
     431.148     -5.05147            0  -0.00112862            0            0 -1.54353e-08 -4.53398e-06
     450.384     -5.00915            0  -0.00117445            0            0 -1.53521e-08 -4.47839e-06
     469.813     -4.96641            0  -0.00122028            0            0 -1.52681e-08 -4.42224e-06
     489.436     -4.92324            0  -0.00126609            0            0 -1.51832e-08 -4.36553e-06
     509.256     -4.87964            0  -0.00131188            0            0 -1.50975e-08 -4.30825e-06
     529.273      -4.8356            0  -0.00135763            0            0 -1.50109e-08  -4.2504e-06
     549.491     -4.79112            0   -0.0014033            0            0 -1.49235e-08 -4.19197e-06
     569.911      -4.7462            0   -0.0014489            0            0 -1.48351e-08 -4.13296e-06
     590.535     -4.70082            0  -0.00149439            0            0 -1.47459e-08 -4.07335e-06
     611.365       -4.655            0  -0.00153975            0            0 -1.46558e-08 -4.01315e-06
     632.404     -4.60871            0  -0.00158498            0            0 -1.45649e-08 -3.95235e-06
     653.653     -4.56196            0  -0.00163004            0            0  -1.4473e-08 -3.89094e-06
     675.115     -4.51475            0  -0.00167491            0            0 -1.43801e-08 -3.82892e-06
     696.791     -4.46706            0  -0.00171958            0            0 -1.42864e-08 -3.76627e-06
     718.684      -4.4189            0  -0.00176401            0            0 -1.41917e-08   -3.703e-06
     740.796     -4.37025            0  -0.00180818            0            0 -1.40961e-08  -3.6391e-06
     763.129     -4.32112            0  -0.00185208            0            0 -1.39995e-08 -3.57456e-06
     785.685     -4.27149            0  -0.00189567            0            0 -1.39019e-08 -3.50937e-06
     808.467     -4.22137            0  -0.00193893            0            0 -1.38034e-08 -3.44353e-06
     831.476     -4.17075            0  -0.00198183            0            0 -1.37039e-08 -3.37703e-06
     854.716     -4.11962            0  -0.00202435            0            0 -1.36034e-08 -3.30987e-06
     878.188     -4.06799            0  -0.00206646            0            0 -1.35018e-08 -3.24204e-06
     901.895     -4.01583            0  -0.00210813            0            0 -1.33993e-08 -3.17352e-06
     925.839     -3.96315            0  -0.00214933            0            0 -1.32957e-08 -3.10432e-06
     950.023     -3.90995            0  -0.00219004            0            0 -1.31912e-08 -3.03443e-06
     974.448     -3.85621            0  -0.00223022            0            0 -1.30855e-08 -2.96385e-06
     999.117     -3.80194            0  -0.00226985            0            0 -1.29788e-08 -2.89255e-06
     1024.03     -3.74713            0  -0.00230889            0            0 -1.28711e-08 -2.82054e-06
      1049.2     -3.69176            0  -0.00234731            0            0 -1.27622e-08 -2.74782e-06
     1074.62     -3.63585            0  -0.00238509            0            0 -1.26523e-08 -2.67436e-06
     1100.29     -3.57937            0  -0.00242219            0            0 -1.25413e-08 -2.60017e-06
     1126.21     -3.52233            0  -0.00245857            0            0 -1.24291e-08 -2.52524e-06
      1152.4     -3.46472            0  -0.00249422            0            0 -1.23159e-08 -2.44956e-06
     1178.85     -3.40653            0  -0.00252909            0            0 -1.22015e-08 -2.37312e-06
     1205.56     -3.34776            0  -0.00256316            0            0 -1.20859e-08 -2.29592e-06
     1232.55      -3.2884            0  -0.00259639            0            0 -1.19692e-08 -2.21794e-06
      1259.8     -3.22845            0  -0.00262875            0            0 -1.18514e-08 -2.13919e-06
     1287.32      -3.1679            0   -0.0026602            0            0 -1.17323e-08 -2.05965e-06
     1315.12     -3.10674            0  -0.00269073            0            0 -1.16121e-08 -1.97931e-06
     1343.19     -3.04498            0  -0.00272029            0            0 -1.14907e-08 -1.89817e-06
     1371.55     -2.98259            0  -0.00274885            0            0  -1.1368e-08 -1.81622e-06
     1400.19     -2.91958            0  -0.00277638            0            0 -1.12442e-08 -1.73345e-06
     1429.12     -2.85594            0  -0.00280286            0            0 -1.11191e-08 -1.64985e-06
     1458.33     -2.79167            0  -0.00282825            0            0 -1.09927e-08 -1.56542e-06
     1487.84     -2.72675            0  -0.00285252            0            0 -1.08651e-08 -1.48014e-06
     1517.65     -2.66118            0  -0.00287565            0            0 -1.07362e-08 -1.39401e-06
     1547.75     -2.59496            0   -0.0028976            0            0  -1.0606e-08 -1.30701e-06
     1578.15     -2.52807            0  -0.00291836            0            0 -1.04745e-08 -1.21915e-06
     1608.86     -2.46052            0   -0.0029379            0            0 -1.03417e-08 -1.13041e-06
     1639.87     -2.39229            0  -0.00295619            0            0 -1.02076e-08 -1.04078e-06
     1671.19     -2.32338            0  -0.00297321            0            0 -1.00721e-08 -9.50253e-07
     1702.83     -2.25377            0  -0.00298895            0            0 -9.93526e-09 -8.58822e-07
     1734.78     -2.18348            0  -0.00300338            0            0 -9.79706e-09 -7.66477e-07
     1767.06     -2.11248            0  -0.00301649            0            0 -9.65748e-09 -6.73209e-07
     1799.65     -2.04077            0  -0.00302825            0            0 -9.51651e-09 -5.79008e-07
     1832.57     -1.96834            0  -0.00303867            0            0 -9.37412e-09 -4.83865e-07
     1865.82     -1.89519            0  -0.00304773            0            0 -9.23031e-09  -3.8777e-07
     1899.41     -1.82131            0  -0.00305542            0            0 -9.08507e-09 -2.90714e-07
     1933.33     -1.74668            0  -0.00306174            0            0 -8.93837e-09 -1.92688e-07
     1967.58     -1.67131            0  -0.00306669            0            0  -8.7902e-09 -9.36819e-08
     2002.18     -1.59519            0  -0.00307027            0            0 -8.64055e-09            0
     2037.13     -1.51831            0  -0.00307249            0            0  -8.4894e-09            0
     2072.43     -1.44066            0  -0.00307334            0            0 -8.33675e-09            0
     2108.08     -1.36223            0  -0.00307286            0            0 -8.18257e-09            0
     2144.08     -1.28302            0  -0.00307104            0            0 -8.02684e-09            0
     2180.45     -1.20301            0  -0.00306792            0            0 -7.86956e-09            0
     2217.18     -1.12221            0  -0.00306352            0            0  -7.7107e-09            0
     2254.28     -1.04059            0  -0.00305786            0            0 -7.55026e-09            0
     2291.74    -0.958165            0  -0.00305098            0            0 -7.38821e-09            0
     2329.59    -0.874912            0  -0.00304293            0            0 -7.22454e-09            0
     2367.81    -0.790826            0  -0.00303374            0            0 -7.05924e-09            0
     2406.41    -0.705899            0  -0.00302346            0            0 -6.89228e-09            0
      2445.4    -0.620123            0  -0.00301215            0            0 -6.72365e-09            0
     2484.78     -0.53349            0  -0.00299986            0            0 -6.55334e-09            0
     2524.55    -0.445989            0  -0.00298667            0            0 -6.38132e-09            0
     2564.72    -0.357614            0  -0.00297264            0            0 -6.20758e-09            0
     2605.29    -0.268356            0  -0.00295785            0            0 -6.03211e-09            0
     2646.27    -0.178204            0  -0.00294238            0            0 -5.85488e-09            0
     2687.66   -0.0871511            0  -0.00292632            0            0 -5.67588e-09            0
     2729.46   0.00481239            0  -0.00290977            0            0 -5.49508e-09            0
     2771.68    0.0976955            0  -0.00289282            0            0 -5.31248e-09            0
     2814.32     0.191507            0  -0.00287559            0            0 -5.12806e-09            0
     2857.39     0.286258            0  -0.00285818            0            0 -4.94179e-09            0
     2900.89     0.381955            0  -0.00284071            0            0 -4.75366e-09            0
     2944.82      0.47861            0   -0.0028233            0            0 -4.56364e-09            0
      2989.2     0.576231            0  -0.00280609            0            0 -4.37173e-09            0
     3034.01     0.674828            0  -0.00278921            0            0 -4.17789e-09            0
     3079.28     0.774411            0  -0.00277279            0            0 -3.98212e-09            0
        3125      0.87499            0  -0.00275698            0            0 -3.78439e-09            0
     3171.17     0.976575            0  -0.00274193            0            0 -3.58469e-09            0
     3217.81      1.07918            0  -0.00272779            0            0 -3.38298e-09            0
     3264.91       1.1828            0  -0.00271471            0            0 -3.17926e-09            0
     3312.48      1.28747            0  -0.00270285            0            0  -2.9735e-09            0
     3360.53      1.39318            0  -0.00269237            0            0 -2.76569e-09            0
     3409.06      1.49994            0  -0.00268344            0            0  -2.5558e-09            0
     3458.08      1.60778            0  -0.00267622            0            0  -2.3438e-09            0
     3507.59      1.71669            0  -0.00267087            0            0 -2.12969e-09            0
     3557.59      1.82669            0  -0.00266755            0            0 -1.91344e-09            0
     3608.09      1.93779            0  -0.00266642            0            0 -1.69502e-09            0
     3659.09      2.05001            0  -0.00266765            0            0 -1.47442e-09            0
     3710.61      2.16334            0  -0.00267138            0            0 -1.25161e-09            0
     3762.64      2.27781            0  -0.00267777            0            0 -1.02658e-09            0
     3815.19      2.39342            0  -0.00268697            0            0 -7.99294e-10            0
     3868.27      2.51019            0   -0.0026991            0            0 -5.69736e-10            0
     3921.88      2.62813            0  -0.00271431            0            0 -3.37883e-10            0
     3976.02      2.74725            0  -0.00273271            0            0 -1.03711e-10            0
     4030.71      2.86755            0  -0.00275441            0            0            0            0
     4085.94      2.98906            0  -0.00277951            0            0            0            0
     4141.72      3.11179            0  -0.00280809            0            0            0            0
     4198.06      3.23574            0  -0.00284022            0            0            0            0
     4254.97      3.36093            0  -0.00287595            0            0            0            0
     4312.44      3.48738            0  -0.00291532            0            0            0            0
     4370.49      3.61509            0  -0.00295834            0            0            0            0
     4429.12      3.74407            0    -0.003005            0            0            0            0
     4488.34      3.87435            0  -0.00305528            0            0            0            0
     4548.15      4.00593            0  -0.00310912            0            0            0            0
     4608.56      4.13882            0  -0.00316646            0            0            0            0
     4669.57      4.27304            0  -0.00322717            0            0            0            0
     4731.19      4.40861            0  -0.00329114            0            0            0            0
     4793.42      4.54553            0   -0.0033582            0            0            0            0
     4856.28      4.68382            0  -0.00342817            0            0            0            0
     4919.77      4.82349            0  -0.00350082            0            0            0            0
     4983.89      4.96456            0  -0.00357592            0            0            0            0
     5048.66      5.10705            0  -0.00365319            0            0            0            0
     5114.07      5.25095            0  -0.00373231            0            0            0            0
     5180.13       5.3963            0  -0.00381295            0            0            0            0
     5246.86      5.54309            0  -0.00389474            0            0            0            0
     5314.25      5.69136            0  -0.00396293            0            0            0            0
     5382.32      5.84111            0  -0.00397735            0            0            0            0
     5451.07      5.99235            0  -0.00399153            0            0            0            0
     5520.51      6.14511            0  -0.00400546            0            0            0            0
     5590.64       6.2994            0  -0.00401914            0            0            0            0
     5661.47      6.45523            0  -0.00403257            0            0            0            0
     5733.01      6.61262            0  -0.00404576            0            0            0            0
     5805.26      6.77158            0   -0.0040587            0            0            0            0
     5878.24      6.93213            0  -0.00407139            0            0            0            0
     5951.95      7.09428            0  -0.00408385            0            0            0            0
     6026.39      7.25806            0  -0.00409606            0            0            0            0
     6101.58      7.42348            0  -0.00410802            0            0            0            0
     6177.52      7.59055            0  -0.00411975            0            0            0            0
     6254.22      7.75929            0  -0.00413124            0            0            0            0
     6331.69      7.92971            0  -0.00414249            0            0            0            0
     6409.93      8.10185            0  -0.00415351            0            0            0            0
     6488.95       8.2757            0  -0.00416429            0            0            0            0
     6568.77      8.45129            0  -0.00417484            0            0            0            0
     6649.38      8.62864            0  -0.00418516            0            0            0            0
      6730.8      8.80776            0  -0.00419524            0            0            0            0
     6813.03      8.98867            0  -0.00420511            0            0            0            0
     6896.09       9.1714            0  -0.00421474            0            0            0            0
     6979.98      9.35595            0  -0.00422415            0            0            0            0
