# 
#     height           ug           vg         wfls      dqtdxls      dqtdyls      dqtdtls      dthlrad
         7.5      -4.9835            0 -4.45989e-05            0            0 -1.72676e-08 -5.75832e-06
        22.5      -4.9505            0 -0.000133666            0            0 -1.72027e-08 -5.71497e-06
       37.65     -4.91717            0 -0.000223431            0            0 -1.71372e-08 -5.67119e-06
     52.9515     -4.88351            0 -0.000313876            0            0  -1.7071e-08 -5.62697e-06
      68.406     -4.84951            0 -0.000404986            0            0 -1.70041e-08 -5.58231e-06
     84.0151     -4.81517            0  -0.00049674            0            0 -1.69366e-08  -5.5372e-06
     99.7802     -4.78048            0 -0.000589118            0            0 -1.68685e-08 -5.49164e-06
     115.703     -4.74545            0 -0.000682099            0            0 -1.67996e-08 -5.44562e-06
     131.785     -4.71007            0  -0.00077566            0            0   -1.673e-08 -5.39914e-06
     148.028     -4.67434            0 -0.000869776            0            0 -1.66598e-08  -5.3522e-06
     164.433     -4.63825            0 -0.000964421            0            0 -1.65888e-08 -5.30479e-06
     181.003     -4.60179            0  -0.00105957            0            0 -1.65172e-08  -5.2569e-06
     197.738     -4.56498            0  -0.00115519            0            0 -1.64448e-08 -5.20854e-06
      214.64     -4.52779            0  -0.00125125            0            0 -1.63717e-08 -5.15969e-06
     231.711     -4.49024            0  -0.00134772            0            0 -1.62978e-08 -5.11035e-06
     248.953      -4.4523            0  -0.00144457            0            0 -1.62233e-08 -5.06052e-06
     266.368     -4.41399            0  -0.00154176            0            0  -1.6148e-08  -5.0102e-06
     283.957      -4.3753            0  -0.00163925            0            0 -1.60719e-08 -4.95937e-06
     301.721     -4.33621            0    -0.001737            0            0 -1.59951e-08 -4.90803e-06
     319.663     -4.29674            0  -0.00183498            0            0 -1.59175e-08 -4.85617e-06
     337.785     -4.25687            0  -0.00193313            0            0 -1.58391e-08  -4.8038e-06
     356.088     -4.21661            0  -0.00203141            0            0 -1.57599e-08 -4.75091e-06
     374.574     -4.17594            0  -0.00212979            0            0   -1.568e-08 -4.69748e-06
     393.245     -4.13486            0  -0.00222819            0            0 -1.55992e-08 -4.64352e-06
     412.102     -4.09338            0  -0.00232658            0            0 -1.55177e-08 -4.58903e-06
     431.148     -4.05147            0   -0.0024249            0            0 -1.54353e-08 -4.53398e-06
     450.384     -4.00915            0  -0.00252309            0            0 -1.53521e-08 -4.47839e-06
     469.813     -3.96641            0   -0.0026211            0            0 -1.52681e-08 -4.42224e-06
     489.436     -3.92324            0  -0.00271887            0            0 -1.51832e-08 -4.36553e-06
     509.256     -3.87964            0  -0.00281633            0            0 -1.50975e-08 -4.30825e-06
     529.273      -3.8356            0  -0.00291341            0            0 -1.50109e-08  -4.2504e-06
     549.491     -3.79112            0  -0.00301005            0            0 -1.49235e-08 -4.19197e-06
     569.911      -3.7462            0  -0.00310618            0            0 -1.48351e-08 -4.13296e-06
     590.535     -3.70082            0  -0.00320173            0            0 -1.47459e-08 -4.07335e-06
     611.365       -3.655            0  -0.00329662            0            0 -1.46558e-08 -4.01315e-06
     632.404     -3.60871            0  -0.00339078            0            0 -1.45649e-08 -3.95235e-06
     653.653     -3.56196            0  -0.00348412            0            0  -1.4473e-08 -3.89094e-06
     675.115     -3.51475            0  -0.00357656            0            0 -1.43801e-08 -3.82892e-06
     696.791     -3.46706            0  -0.00366801            0            0 -1.42864e-08 -3.76627e-06
     718.684      -3.4189            0   -0.0037584            0            0 -1.41917e-08   -3.703e-06
     740.796     -3.37025            0  -0.00384763            0            0 -1.40961e-08  -3.6391e-06
     763.129     -3.32112            0  -0.00393561            0            0 -1.39995e-08 -3.57456e-06
     785.685     -3.27149            0  -0.00402223            0            0 -1.39019e-08 -3.50937e-06
     808.467     -3.22137            0  -0.00410742            0            0 -1.38034e-08 -3.44353e-06
     831.476     -3.17075            0  -0.00419106            0            0 -1.37039e-08 -3.37703e-06
     854.716     -3.11962            0  -0.00427306            0            0 -1.36034e-08 -3.30987e-06
     878.188     -3.06799            0   -0.0043533            0            0 -1.35018e-08 -3.24204e-06
     901.895     -3.01583            0   -0.0044317            0            0 -1.33993e-08 -3.17352e-06
     925.839     -2.96315            0  -0.00450813            0            0 -1.32957e-08 -3.10432e-06
     950.023     -2.90995            0  -0.00458248            0            0 -1.31912e-08 -3.03443e-06
     974.448     -2.85621            0  -0.00465466            0            0 -1.30855e-08 -2.96385e-06
     999.117     -2.80194            0  -0.00472453            0            0 -1.29788e-08 -2.89255e-06
     1024.03     -2.74713            0  -0.00479199            0            0 -1.28711e-08 -2.82054e-06
      1049.2     -2.69176            0  -0.00485692            0            0 -1.27622e-08 -2.74782e-06
     1074.62     -2.63585            0   -0.0049192            0            0 -1.26523e-08 -2.67436e-06
     1100.29     -2.57937            0  -0.00497871            0            0 -1.25413e-08 -2.60017e-06
     1126.21     -2.52233            0  -0.00503533            0            0 -1.24291e-08 -2.52524e-06
      1152.4     -2.46472            0  -0.00508894            0            0 -1.23159e-08 -2.44956e-06
     1178.85     -2.40653            0  -0.00513942            0            0 -1.22015e-08 -2.37312e-06
     1205.56     -2.34776            0  -0.00518664            0            0 -1.20859e-08 -2.29592e-06
     1232.55      -2.2884            0  -0.00523049            0            0 -1.19692e-08 -2.21794e-06
      1259.8     -2.22845            0  -0.00527083            0            0 -1.18514e-08 -2.13919e-06
     1287.32      -2.1679            0  -0.00530756            0            0 -1.17323e-08 -2.05965e-06
     1315.12     -2.10674            0  -0.00534055            0            0 -1.16121e-08 -1.97931e-06
     1343.19     -2.04498            0  -0.00536967            0            0 -1.14907e-08 -1.89817e-06
     1371.55     -1.98259            0  -0.00539481            0            0  -1.1368e-08 -1.81622e-06
     1400.19     -1.91958            0  -0.00541586            0            0 -1.12442e-08 -1.73345e-06
     1429.12     -1.85594            0   -0.0054327            0            0 -1.11191e-08 -1.64985e-06
     1458.33     -1.79167            0  -0.00544521            0            0 -1.09927e-08 -1.56542e-06
     1487.84     -1.72675            0  -0.00545329            0            0 -1.08651e-08 -1.48014e-06
     1517.65     -1.66118            0  -0.00545684            0            0 -1.07362e-08 -1.39401e-06
     1547.75     -1.59496            0  -0.00545574            0            0  -1.0606e-08 -1.30701e-06
     1578.15     -1.52807            0  -0.00544992            0            0 -1.04745e-08 -1.21915e-06
     1608.86     -1.46052            0  -0.00543927            0            0 -1.03417e-08 -1.13041e-06
     1639.87     -1.39229            0   -0.0054237            0            0 -1.02076e-08 -1.04078e-06
     1671.19     -1.32338            0  -0.00540315            0            0 -1.00721e-08 -9.50253e-07
     1702.83     -1.25377            0  -0.00537753            0            0 -9.93526e-09 -8.58822e-07
     1734.78     -1.18348            0  -0.00534678            0            0 -9.79706e-09 -7.66477e-07
     1767.06     -1.11248            0  -0.00531084            0            0 -9.65748e-09 -6.73209e-07
     1799.65     -1.04077            0  -0.00526967            0            0 -9.51651e-09 -5.79008e-07
     1832.57     -0.96834            0  -0.00522322            0            0 -9.37412e-09 -4.83865e-07
     1865.82    -0.895188            0  -0.00517146            0            0 -9.23031e-09  -3.8777e-07
     1899.41    -0.821305            0  -0.00511439            0            0 -9.08507e-09 -2.90714e-07
     1933.33    -0.746683            0  -0.00505198            0            0 -8.93837e-09 -1.92688e-07
     1967.58    -0.671315            0  -0.00498424            0            0  -8.7902e-09 -9.36819e-08
     2002.18    -0.595193            0   -0.0049112            0            0 -8.64055e-09            0
     2037.13     -0.51831            0  -0.00483289            0            0  -8.4894e-09            0
     2072.43    -0.440658            0  -0.00474934            0            0 -8.33675e-09            0
     2108.08     -0.36223            0  -0.00466063            0            0 -8.18257e-09            0
     2144.08    -0.283017            0  -0.00456684            0            0 -8.02684e-09            0
     2180.45    -0.203012            0  -0.00446805            0            0 -7.86956e-09            0
     2217.18    -0.122207            0  -0.00436438            0            0  -7.7107e-09            0
     2254.28   -0.0405944            0  -0.00425596            0            0 -7.55026e-09            0
     2291.74    0.0418347            0  -0.00414295            0            0 -7.38821e-09            0
     2329.59     0.125088            0  -0.00402551            0            0 -7.22454e-09            0
     2367.81     0.209174            0  -0.00390383            0            0 -7.05924e-09            0
     2406.41     0.294101            0  -0.00377813            0            0 -6.89228e-09            0
      2445.4     0.379877            0  -0.00364864            0            0 -6.72365e-09            0
     2484.78      0.46651            0  -0.00351561            0            0 -6.55334e-09            0
     2524.55     0.554011            0  -0.00337933            0            0 -6.38132e-09            0
     2564.72     0.642386            0  -0.00324009            0            0 -6.20758e-09            0
     2605.29     0.731644            0  -0.00309823            0            0 -6.03211e-09            0
     2646.27     0.821796            0  -0.00295409            0            0 -5.85488e-09            0
     2687.66     0.912849            0  -0.00280805            0            0 -5.67588e-09            0
     2729.46      1.00481            0  -0.00266051            0            0 -5.49508e-09            0
     2771.68       1.0977            0  -0.00251188            0            0 -5.31248e-09            0
     2814.32      1.19151            0  -0.00236262            0            0 -5.12806e-09            0
     2857.39      1.28626            0  -0.00221319            0            0 -4.94179e-09            0
     2900.89      1.38196            0  -0.00206409            0            0 -4.75366e-09            0
     2944.82      1.47861            0  -0.00191583            0            0 -4.56364e-09            0
      2989.2      1.57623            0  -0.00176896            0            0 -4.37173e-09            0
     3034.01      1.67483            0  -0.00162404            0            0 -4.17789e-09            0
     3079.28      1.77441            0  -0.00148164            0            0 -3.98212e-09            0
        3125      1.87499            0  -0.00134236            0            0 -3.78439e-09            0
     3171.17      1.97658            0  -0.00120682            0            0 -3.58469e-09            0
     3217.81      2.07918            0  -0.00107566            0            0 -3.38298e-09            0
     3264.91       2.1828            0 -0.000949516            0            0 -3.17926e-09            0
     3312.48      2.28747            0 -0.000829051            0            0  -2.9735e-09            0
     3360.53      2.39318            0 -0.000714931            0            0 -2.76569e-09            0
     3409.06      2.49994            0 -0.000607832            0            0  -2.5558e-09            0
     3458.08      2.60778            0 -0.000508431            0            0  -2.3438e-09            0
     3507.59      2.71669            0 -0.000417407            0            0 -2.12969e-09            0
     3557.59      2.82669            0 -0.000335436            0            0 -1.91344e-09            0
     3608.09      2.93779            0 -0.000263189            0            0 -1.69502e-09            0
     3659.09      3.05001            0 -0.000201325            0            0 -1.47442e-09            0
     3710.61      3.16334            0  -0.00015049            0            0 -1.25161e-09            0
     3762.64      3.27781            0 -0.000111308            0            0 -1.02658e-09            0
     3815.19      3.39342            0 -8.43835e-05            0            0 -7.99294e-10            0
     3868.27      3.51019            0 -7.02891e-05            0            0 -5.69736e-10            0
     3921.88      3.62813            0  -6.9565e-05            0            0 -3.37883e-10            0
     3976.02      3.74725            0 -8.27119e-05            0            0 -1.03711e-10            0
     4030.71      3.86755            0 -0.000110186            0            0            0            0
     4085.94      3.98906            0 -0.000152392            0            0            0            0
     4141.72      4.11179            0 -0.000209679            0            0            0            0
     4198.06      4.23574            0 -0.000282335            0            0            0            0
     4254.97      4.36093            0 -0.000370577            0            0            0            0
     4312.44      4.48738            0 -0.000474549            0            0            0            0
     4370.49      4.61509            0 -0.000594314            0            0            0            0
     4429.12      4.74407            0  -0.00072985            0            0            0            0
     4488.34      4.87435            0 -0.000881042            0            0            0            0
     4548.15      5.00593            0  -0.00104768            0            0            0            0
     4608.56      5.13882            0  -0.00122944            0            0            0            0
     4669.57      5.27304            0  -0.00142591            0            0            0            0
     4731.19      5.40861            0  -0.00163654            0            0            0            0
     4793.42      5.54553            0  -0.00186069            0            0            0            0
     4856.28      5.68382            0  -0.00209759            0            0            0            0
     4919.77      5.82349            0  -0.00234634            0            0            0            0
     4983.89      5.96456            0  -0.00260593            0            0            0            0
     5048.66      6.10705            0   -0.0028752            0            0            0            0
     5114.07      6.25095            0  -0.00315291            0            0            0            0
     5180.13       6.3963            0  -0.00343765            0            0            0            0
     5246.86      6.54309            0  -0.00372791            0            0            0            0
     5314.25      6.69136            0  -0.00396293            0            0            0            0
     5382.32      6.84111            0  -0.00397735            0            0            0            0
     5451.07      6.99235            0  -0.00399153            0            0            0            0
     5520.51      7.14511            0  -0.00400546            0            0            0            0
     5590.64       7.2994            0  -0.00401914            0            0            0            0
     5661.47      7.45523            0  -0.00403257            0            0            0            0
     5733.01      7.61262            0  -0.00404576            0            0            0            0
     5805.26      7.77158            0   -0.0040587            0            0            0            0
     5878.24      7.93213            0  -0.00407139            0            0            0            0
     5951.95      8.09428            0  -0.00408385            0            0            0            0
     6026.39      8.25806            0  -0.00409606            0            0            0            0
     6101.58      8.42348            0  -0.00410802            0            0            0            0
     6177.52      8.59055            0  -0.00411975            0            0            0            0
     6254.22      8.75929            0  -0.00413124            0            0            0            0
     6331.69      8.92971            0  -0.00414249            0            0            0            0
     6409.93      9.10185            0  -0.00415351            0            0            0            0
     6488.95       9.2757            0  -0.00416429            0            0            0            0
     6568.77      9.45129            0  -0.00417484            0            0            0            0
     6649.38      9.62864            0  -0.00418516            0            0            0            0
      6730.8      9.80776            0  -0.00419524            0            0            0            0
     6813.03      9.98867            0  -0.00420511            0            0            0            0
     6896.09      10.1714            0  -0.00421474            0            0            0            0
     6979.98      10.3559            0  -0.00422415            0            0            0            0
