# 
#     height         th_l          q_t            u            v          TKE
         7.5       296.25       0.0135      -4.9835            0     0.998125
        22.5       296.25       0.0135      -4.9505            0     0.994375
       37.65       296.25       0.0135     -4.91717            0     0.990588
     52.9515       296.25       0.0135     -4.88351            0     0.986762
      68.406       296.25       0.0135     -4.84951            0     0.982898
     84.0151       296.25       0.0135     -4.81517            0     0.978996
     99.7802       296.25       0.0135     -4.78048            0     0.975055
     115.703       296.25       0.0135     -4.74545            0     0.971074
     131.785       296.25       0.0135     -4.71007            0     0.967054
     148.028       296.25       0.0135     -4.67434            0     0.962993
     164.433       296.25       0.0135     -4.63825            0     0.958892
     181.003       296.25       0.0135     -4.60179            0     0.954749
     197.738       296.25       0.0135     -4.56498            0     0.950566
      214.64       296.25       0.0135     -4.52779            0      0.94634
     231.711       296.25       0.0135     -4.49024            0     0.942072
     248.953       296.25       0.0135      -4.4523            0     0.937762
     266.368       296.25       0.0135     -4.41399            0     0.933408
     283.957       296.25       0.0135      -4.3753            0     0.929011
     301.721       296.25       0.0135     -4.33621            0      0.92457
     319.663       296.25       0.0135     -4.29674            0     0.920084
     337.785       296.25       0.0135     -4.25687            0     0.915554
     356.088       296.25       0.0135     -4.21661            0     0.910978
     374.574       296.25       0.0135     -4.17594            0     0.906357
     393.245       296.25       0.0135     -4.13486            0     0.901689
     412.102       296.25       0.0135     -4.09338            0     0.896975
     431.148       296.25       0.0135     -4.05147            0     0.892213
     450.384       296.25       0.0135     -4.00915            0     0.887404
     469.813       296.25       0.0135     -3.96641            0     0.882547
     489.436       296.25       0.0135     -3.92324            0     0.877641
     509.256      296.301    0.0134501     -3.87964            0     0.872686
     529.273      296.411    0.0133428      -3.8356            0     0.867682
     549.491      296.522    0.0132354     -3.79112            0     0.862627
     569.911      296.635    0.0131277      -3.7462            0     0.857522
     590.535      296.748    0.0130199     -3.70082            0     0.852366
     611.365      296.863    0.0129118       -3.655            0     0.847159
     632.404      296.978    0.0128036     -3.60871            0     0.841899
     653.653      297.095    0.0126953     -3.56196            0     0.836587
     675.115      297.213    0.0125867     -3.51475            0     0.831221
     696.791      297.332    0.0124781     -3.46706            0     0.825802
     718.684      297.453    0.0123693      -3.4189            0     0.820329
     740.796      297.574    0.0122604     -3.37025            0     0.814801
     763.129      297.697    0.0121513     -3.32112            0     0.809218
     785.685      297.821    0.0120422     -3.27149            0     0.803579
     808.467      297.947    0.0119329     -3.22137            0     0.797883
     831.476      298.073    0.0118236     -3.17075            0     0.792131
     854.716      298.201    0.0117142     -3.11962            0     0.786321
     878.188       298.33    0.0116047     -3.06799            0     0.780453
     901.895       298.46    0.0114952     -3.01583            0     0.774526
     925.839      298.592    0.0113857     -2.96315            0      0.76854
     950.023      298.725     0.011276     -2.90995            0     0.762494
     974.448      298.859    0.0111664     -2.85621            0     0.756388
     999.117      298.995    0.0110568     -2.80194            0     0.750221
     1024.03      299.132    0.0109471     -2.74713            0     0.743992
      1049.2      299.271    0.0108375     -2.69176            0       0.7377
     1074.62       299.41    0.0107279     -2.63585            0     0.731346
     1100.29      299.552    0.0106183     -2.57937            0     0.724928
     1126.21      299.694    0.0105087     -2.52233            0     0.718446
      1152.4      299.838    0.0103992     -2.46472            0       0.7119
     1178.85      299.984    0.0102898     -2.40653            0     0.705287
     1205.56      300.131    0.0101804     -2.34776            0     0.698609
     1232.55      300.279    0.0100711      -2.2884            0     0.691864
      1259.8      300.429   0.00996194     -2.22845            0     0.685051
     1287.32       300.58   0.00985287      -2.1679            0      0.67817
     1315.12      300.733   0.00974392     -2.10674            0     0.671221
     1343.19      300.888    0.0096351     -2.04498            0     0.664202
     1371.55      301.044   0.00952643     -1.98259            0     0.657113
     1400.19      301.201   0.00941791     -1.91958            0     0.649952
     1429.12       301.36   0.00930957     -1.85594            0     0.642721
     1458.33      301.521   0.00920141     -1.79167            0     0.635417
     1487.84      301.683   0.00909344     -1.72675            0      0.62804
     1517.65      301.847   0.00898568     -1.66118            0     0.620589
     1547.75      302.013   0.00887813     -1.59496            0     0.613063
     1578.15       302.18   0.00877082     -1.52807            0     0.605463
     1608.86      302.349   0.00866375     -1.46052            0     0.597786
     1639.87      302.519   0.00855694     -1.39229            0     0.590033
     1671.19      302.692   0.00845039     -1.32338            0     0.582202
     1702.83      302.866   0.00834413     -1.25377            0     0.574293
     1734.78      303.041   0.00823816     -1.18348            0     0.566304
     1767.06      303.219   0.00813249     -1.11248            0     0.558236
     1799.65      303.398   0.00802715     -1.04077            0     0.550087
     1832.57      303.579   0.00792213     -0.96834            0     0.541857
     1865.82      303.762   0.00781746    -0.895188            0     0.533544
     1899.41      303.947   0.00771315    -0.821305            0     0.525148
     1933.33      304.133   0.00760921    -0.746683            0     0.516669
     1967.58      304.322   0.00750565    -0.671315            0     0.508104
     2002.18      304.512   0.00740248    -0.595193            0     0.499454
     2037.13      304.704   0.00729973     -0.51831            0     0.490717
     2072.43      304.898   0.00719739    -0.440658            0     0.481893
     2108.08      305.094   0.00709549     -0.36223            0     0.472981
     2144.08      305.292   0.00699403    -0.283017            0     0.463979
     2180.45      305.492   0.00689303    -0.203012            0     0.454888
     2217.18      305.694   0.00679249    -0.122207            0     0.445705
     2254.28      305.899   0.00669245   -0.0405944            0     0.436431
     2291.74      306.105   0.00659289    0.0418347            0     0.427064
     2329.59      306.313   0.00649385     0.125088            0     0.417604
     2367.81      306.523   0.00639532     0.209174            0     0.408048
     2406.41      306.735   0.00629733     0.294101            0     0.398398
      2445.4       306.95   0.00619988     0.379877            0      0.38865
     2484.78      307.166   0.00610299      0.46651            0     0.378806
     2524.55      307.385   0.00600666     0.554011            0     0.368862
     2564.72      307.606   0.00591092     0.642386            0      0.35882
     2605.29      307.829   0.00581577     0.731644            0     0.348677
     2646.27      308.054   0.00572122     0.821796            0     0.338432
     2687.66      308.282   0.00562728     0.912849            0     0.328085
     2729.46      308.512   0.00553397      1.00481            0     0.317635
     2771.68      308.744    0.0054413       1.0977            0      0.30708
     2814.32      308.979   0.00534928      1.19151            0      0.29642
     2857.39      309.216   0.00525791      1.28626            0     0.285653
     2900.89      309.455   0.00516722      1.38196            0     0.274778
     2944.82      309.697    0.0050772      1.47861            0     0.263794
      2989.2      309.941   0.00498788      1.57623            0     0.252701
     3034.01      310.187   0.00489926      1.67483            0     0.241497
     3079.28      310.436   0.00481135      1.77441            0     0.230181
        3125      310.687   0.00472417      1.87499            0     0.218751
     3171.17      310.941   0.00463771      1.97658            0     0.207207
     3217.81      311.198     0.004552      2.07918            0     0.195548
     3264.91      311.457   0.00446704       2.1828            0     0.183772
     3312.48      311.719   0.00438284      2.28747            0     0.171879
     3360.53      311.983    0.0042994      2.39318            0     0.159866
     3409.06       312.25   0.00421675      2.49994            0     0.147734
     3458.08      312.519   0.00413488      2.60778            0      0.13548
     3507.59      312.792    0.0040538      2.71669            0     0.123103
     3557.59      313.067   0.00397353      2.82669            0     0.110603
     3608.09      313.344   0.00389407      2.93779            0     0.097978
     3659.09      313.625   0.00381543      3.05001            0    0.0852266
     3710.61      313.908   0.00373761      3.16334            0    0.0723476
     3762.64      314.195   0.00366062      3.27781            0    0.0593398
     3815.19      314.484   0.00358448      3.39342            0     0.046202
     3868.27      314.775   0.00350918      3.51019            0    0.0329327
     3921.88       315.07   0.00343473      3.62813            0    0.0195308
     3976.02      315.368   0.00336114      3.74725            0   0.00599487
     4030.71      315.669   0.00328842      3.86755            0        1e-08
     4085.94      315.973   0.00321657      3.98906            0        1e-08
     4141.72      316.279   0.00314559      4.11179            0        1e-08
     4198.06      316.589   0.00307549      4.23574            0        1e-08
     4254.97      316.902   0.00300627      4.36093            0        1e-08
     4312.44      317.218   0.00293795      4.48738            0        1e-08
     4370.49      317.538   0.00287052      4.61509            0        1e-08
     4429.12       317.86   0.00280398      4.74407            0        1e-08
     4488.34      318.186   0.00273834      4.87435            0        1e-08
     4548.15      318.515   0.00267361      5.00593            0        1e-08
     4608.56      318.847   0.00260978      5.13882            0        1e-08
     4669.57      319.183   0.00254687      5.27304            0        1e-08
     4731.19      319.522   0.00248486      5.40861            0        1e-08
     4793.42      319.864   0.00242376      5.54553            0        1e-08
     4856.28       320.21   0.00236358      5.68382            0        1e-08
     4919.77      320.559   0.00230431      5.82349            0        1e-08
     4983.89      320.911   0.00224596      5.96456            0        1e-08
     5048.66      321.268   0.00218852      6.10705            0        1e-08
     5114.07      321.627     0.002132      6.25095            0        1e-08
     5180.13      321.991    0.0020764       6.3963            0        1e-08
     5246.86      322.358   0.00202171      6.54309            0        1e-08
     5314.25      322.728   0.00196794      6.69136            0        1e-08
     5382.32      323.103   0.00191508      6.84111            0        1e-08
     5451.07      323.481   0.00186314      6.99235            0        1e-08
     5520.51      323.863    0.0018121      7.14511            0        1e-08
     5590.64      324.248   0.00176198       7.2994            0        1e-08
     5661.47      324.638   0.00171275      7.45523            0        1e-08
     5733.01      325.032   0.00166444      7.61262            0        1e-08
     5805.26      325.429   0.00161702      7.77158            0        1e-08
     5878.24       325.83    0.0015705      7.93213            0        1e-08
     5951.95      326.236   0.00152487      8.09428            0        1e-08
     6026.39      326.645   0.00148013      8.25806            0        1e-08
     6101.58      327.059   0.00143628      8.42348            0        1e-08
     6177.52      327.476   0.00139331      8.59055            0        1e-08
     6254.22      327.898   0.00135121      8.75929            0        1e-08
     6331.69      328.324   0.00130998      8.92971            0        1e-08
     6409.93      328.755   0.00126962      9.10185            0        1e-08
     6488.95      329.189   0.00123012       9.2757            0        1e-08
     6568.77      329.628   0.00119146      9.45129            0        1e-08
     6649.38      330.072   0.00115366      9.62864            0        1e-08
      6730.8      330.519   0.00111669      9.80776            0        1e-08
     6813.03      330.972   0.00108056      9.98867            0        1e-08
     6896.09      331.428   0.00104525      10.1714            0        1e-08
     6979.98       331.89   0.00101076      10.3559            0        1e-08
