# 
#     height           ug           vg         wfls      dqtdxls      dqtdyls      dqtdtls      dthlrad
         7.5     -9.97525            0 -2.10373e-05            0            0 -1.72676e-08 -5.75832e-06
        22.5     -9.92575            0 -6.29884e-05            0            0 -1.72027e-08 -5.71497e-06
       37.65     -9.87575            0 -0.000105189            0            0 -1.71372e-08 -5.67119e-06
     52.9515     -9.82526            0 -0.000147634            0            0  -1.7071e-08 -5.62697e-06
      68.406     -9.77426            0 -0.000190317            0            0 -1.70041e-08 -5.58231e-06
     84.0151     -9.72275            0 -0.000233235            0            0 -1.69366e-08  -5.5372e-06
     99.7802     -9.67073            0  -0.00027638            0            0 -1.68685e-08 -5.49164e-06
     115.703     -9.61818            0 -0.000319746            0            0 -1.67996e-08 -5.44562e-06
     131.785     -9.56511            0 -0.000363327            0            0   -1.673e-08 -5.39914e-06
     148.028     -9.51151            0 -0.000407116            0            0 -1.66598e-08  -5.3522e-06
     164.433     -9.45737            0 -0.000451105            0            0 -1.65888e-08 -5.30479e-06
     181.003     -9.40269            0 -0.000495286            0            0 -1.65172e-08  -5.2569e-06
     197.738     -9.34747            0 -0.000539652            0            0 -1.64448e-08 -5.20854e-06
      214.64     -9.29169            0 -0.000584193            0            0 -1.63717e-08 -5.15969e-06
     231.711     -9.23535            0 -0.000628901            0            0 -1.62978e-08 -5.11035e-06
     248.953     -9.17845            0 -0.000673766            0            0 -1.62233e-08 -5.06052e-06
     266.368     -9.12099            0 -0.000718778            0            0  -1.6148e-08  -5.0102e-06
     283.957     -9.06294            0 -0.000763927            0            0 -1.60719e-08 -4.95937e-06
     301.721     -9.00432            0 -0.000809202            0            0 -1.59951e-08 -4.90803e-06
     319.663     -8.94511            0  -0.00085459            0            0 -1.59175e-08 -4.85617e-06
     337.785     -8.88531            0 -0.000900082            0            0 -1.58391e-08  -4.8038e-06
     356.088     -8.82491            0 -0.000945663            0            0 -1.57599e-08 -4.75091e-06
     374.574     -8.76391            0 -0.000991321            0            0   -1.568e-08 -4.69748e-06
     393.245     -8.70229            0  -0.00103704            0            0 -1.55992e-08 -4.64352e-06
     412.102     -8.64006            0  -0.00108281            0            0 -1.55177e-08 -4.58903e-06
     431.148     -8.57721            0  -0.00112862            0            0 -1.54353e-08 -4.53398e-06
     450.384     -8.51373            0  -0.00117445            0            0 -1.53521e-08 -4.47839e-06
     469.813     -8.44962            0  -0.00122028            0            0 -1.52681e-08 -4.42224e-06
     489.436     -8.38486            0  -0.00126609            0            0 -1.51832e-08 -4.36553e-06
     509.256     -8.31946            0  -0.00131188            0            0 -1.50975e-08 -4.30825e-06
     529.273      -8.2534            0  -0.00135763            0            0 -1.50109e-08  -4.2504e-06
     549.491     -8.18668            0   -0.0014033            0            0 -1.49235e-08 -4.19197e-06
     569.911     -8.11929            0   -0.0014489            0            0 -1.48351e-08 -4.13296e-06
     590.535     -8.05123            0  -0.00149439            0            0 -1.47459e-08 -4.07335e-06
     611.365     -7.98249            0  -0.00153975            0            0 -1.46558e-08 -4.01315e-06
     632.404     -7.91307            0  -0.00158498            0            0 -1.45649e-08 -3.95235e-06
     653.653     -7.84294            0  -0.00163004            0            0  -1.4473e-08 -3.89094e-06
     675.115     -7.77212            0  -0.00167491            0            0 -1.43801e-08 -3.82892e-06
     696.791     -7.70059            0  -0.00171958            0            0 -1.42864e-08 -3.76627e-06
     718.684     -7.62834            0  -0.00176401            0            0 -1.41917e-08   -3.703e-06
     740.796     -7.55537            0  -0.00180818            0            0 -1.40961e-08  -3.6391e-06
     763.129     -7.48168            0  -0.00185208            0            0 -1.39995e-08 -3.57456e-06
     785.685     -7.40724            0  -0.00189567            0            0 -1.39019e-08 -3.50937e-06
     808.467     -7.33206            0  -0.00193893            0            0 -1.38034e-08 -3.44353e-06
     831.476     -7.25613            0  -0.00198183            0            0 -1.37039e-08 -3.37703e-06
     854.716     -7.17944            0  -0.00202435            0            0 -1.36034e-08 -3.30987e-06
     878.188     -7.10198            0  -0.00206646            0            0 -1.35018e-08 -3.24204e-06
     901.895     -7.02375            0  -0.00210813            0            0 -1.33993e-08 -3.17352e-06
     925.839     -6.94473            0  -0.00214933            0            0 -1.32957e-08 -3.10432e-06
     950.023     -6.86493            0  -0.00219004            0            0 -1.31912e-08 -3.03443e-06
     974.448     -6.78432            0  -0.00223022            0            0 -1.30855e-08 -2.96385e-06
     999.117     -6.70291            0  -0.00226985            0            0 -1.29788e-08 -2.89255e-06
     1024.03     -6.62069            0  -0.00230889            0            0 -1.28711e-08 -2.82054e-06
      1049.2     -6.53764            0  -0.00234731            0            0 -1.27622e-08 -2.74782e-06
     1074.62     -6.45377            0  -0.00238509            0            0 -1.26523e-08 -2.67436e-06
     1100.29     -6.36905            0  -0.00242219            0            0 -1.25413e-08 -2.60017e-06
     1126.21     -6.28349            0  -0.00245857            0            0 -1.24291e-08 -2.52524e-06
      1152.4     -6.19707            0  -0.00249422            0            0 -1.23159e-08 -2.44956e-06
     1178.85     -6.10979            0  -0.00252909            0            0 -1.22015e-08 -2.37312e-06
     1205.56     -6.02164            0  -0.00256316            0            0 -1.20859e-08 -2.29592e-06
     1232.55      -5.9326            0  -0.00259639            0            0 -1.19692e-08 -2.21794e-06
      1259.8     -5.84267            0  -0.00262875            0            0 -1.18514e-08 -2.13919e-06
     1287.32     -5.75185            0   -0.0026602            0            0 -1.17323e-08 -2.05965e-06
     1315.12     -5.66012            0  -0.00269073            0            0 -1.16121e-08 -1.97931e-06
     1343.19     -5.56746            0  -0.00272029            0            0 -1.14907e-08 -1.89817e-06
     1371.55     -5.47389            0  -0.00274885            0            0  -1.1368e-08 -1.81622e-06
     1400.19     -5.37937            0  -0.00277638            0            0 -1.12442e-08 -1.73345e-06
     1429.12     -5.28391            0  -0.00280286            0            0 -1.11191e-08 -1.64985e-06
     1458.33      -5.1875            0  -0.00282825            0            0 -1.09927e-08 -1.56542e-06
     1487.84     -5.09012            0  -0.00285252            0            0 -1.08651e-08 -1.48014e-06
     1517.65     -4.99177            0  -0.00287565            0            0 -1.07362e-08 -1.39401e-06
     1547.75     -4.89244            0   -0.0028976            0            0  -1.0606e-08 -1.30701e-06
     1578.15     -4.79211            0  -0.00291836            0            0 -1.04745e-08 -1.21915e-06
     1608.86     -4.69078            0   -0.0029379            0            0 -1.03417e-08 -1.13041e-06
     1639.87     -4.58843            0  -0.00295619            0            0 -1.02076e-08 -1.04078e-06
     1671.19     -4.48506            0  -0.00297321            0            0 -1.00721e-08 -9.50253e-07
     1702.83     -4.38066            0  -0.00298895            0            0 -9.93526e-09 -8.58822e-07
     1734.78     -4.27522            0  -0.00300338            0            0 -9.79706e-09 -7.66477e-07
     1767.06     -4.16872            0  -0.00301649            0            0 -9.65748e-09 -6.73209e-07
     1799.65     -4.06115            0  -0.00302825            0            0 -9.51651e-09 -5.79008e-07
     1832.57     -3.95251            0  -0.00303867            0            0 -9.37412e-09 -4.83865e-07
     1865.82     -3.84278            0  -0.00304773            0            0 -9.23031e-09  -3.8777e-07
     1899.41     -3.73196            0  -0.00305542            0            0 -9.08507e-09 -2.90714e-07
     1933.33     -3.62002            0  -0.00306174            0            0 -8.93837e-09 -1.92688e-07
     1967.58     -3.50697            0  -0.00306669            0            0  -8.7902e-09 -9.36819e-08
     2002.18     -3.39279            0  -0.00307027            0            0 -8.64055e-09            0
     2037.13     -3.27747            0  -0.00307249            0            0  -8.4894e-09            0
     2072.43     -3.16099            0  -0.00307334            0            0 -8.33675e-09            0
     2108.08     -3.04334            0  -0.00307286            0            0 -8.18257e-09            0
     2144.08     -2.92453            0  -0.00307104            0            0 -8.02684e-09            0
     2180.45     -2.80452            0  -0.00306792            0            0 -7.86956e-09            0
     2217.18     -2.68331            0  -0.00306352            0            0  -7.7107e-09            0
     2254.28     -2.56089            0  -0.00305786            0            0 -7.55026e-09            0
     2291.74     -2.43725            0  -0.00305098            0            0 -7.38821e-09            0
     2329.59     -2.31237            0  -0.00304293            0            0 -7.22454e-09            0
     2367.81     -2.18624            0  -0.00303374            0            0 -7.05924e-09            0
     2406.41     -2.05885            0  -0.00302346            0            0 -6.89228e-09            0
      2445.4     -1.93019            0  -0.00301215            0            0 -6.72365e-09            0
     2484.78     -1.80023            0  -0.00299986            0            0 -6.55334e-09            0
     2524.55     -1.66898            0  -0.00298667            0            0 -6.38132e-09            0
     2564.72     -1.53642            0  -0.00297264            0            0 -6.20758e-09            0
     2605.29     -1.40253            0  -0.00295785            0            0 -6.03211e-09            0
     2646.27     -1.26731            0  -0.00294238            0            0 -5.85488e-09            0
     2687.66     -1.13073            0  -0.00292632            0            0 -5.67588e-09            0
     2729.46    -0.992781            0  -0.00290977            0            0 -5.49508e-09            0
     2771.68    -0.853457            0  -0.00289282            0            0 -5.31248e-09            0
     2814.32    -0.712739            0  -0.00287559            0            0 -5.12806e-09            0
     2857.39    -0.570614            0  -0.00285818            0            0 -4.94179e-09            0
     2900.89    -0.427067            0  -0.00284071            0            0 -4.75366e-09            0
     2944.82    -0.282085            0   -0.0028233            0            0 -4.56364e-09            0
      2989.2    -0.135654            0  -0.00280609            0            0 -4.37173e-09            0
     3034.01    0.0122421            0  -0.00278921            0            0 -4.17789e-09            0
     3079.28     0.161617            0  -0.00277279            0            0 -3.98212e-09            0
        3125     0.312486            0  -0.00275698            0            0 -3.78439e-09            0
     3171.17     0.464863            0  -0.00274193            0            0 -3.58469e-09            0
     3217.81     0.618764            0  -0.00272779            0            0 -3.38298e-09            0
     3264.91     0.774204            0  -0.00271471            0            0 -3.17926e-09            0
     3312.48     0.931199            0  -0.00270285            0            0  -2.9735e-09            0
     3360.53      1.08976            0  -0.00269237            0            0 -2.76569e-09            0
     3409.06      1.24991            0  -0.00268344            0            0  -2.5558e-09            0
     3458.08      1.41167            0  -0.00267622            0            0  -2.3438e-09            0
     3507.59      1.57503            0  -0.00267087            0            0 -2.12969e-09            0
     3557.59      1.74004            0  -0.00266755            0            0 -1.91344e-09            0
     3608.09      1.90669            0  -0.00266642            0            0 -1.69502e-09            0
     3659.09      2.07501            0  -0.00266765            0            0 -1.47442e-09            0
     3710.61      2.24501            0  -0.00267138            0            0 -1.25161e-09            0
     3762.64      2.41671            0  -0.00267777            0            0 -1.02658e-09            0
     3815.19      2.59013            0  -0.00268697            0            0 -7.99294e-10            0
     3868.27      2.76529            0   -0.0026991            0            0 -5.69736e-10            0
     3921.88      2.94219            0  -0.00271431            0            0 -3.37883e-10            0
     3976.02      3.12087            0  -0.00273271            0            0 -1.03711e-10            0
     4030.71      3.30133            0  -0.00275441            0            0            0            0
     4085.94      3.48359            0  -0.00277951            0            0            0            0
     4141.72      3.66768            0  -0.00280809            0            0            0            0
     4198.06      3.85361            0  -0.00284022            0            0            0            0
     4254.97       4.0414            0  -0.00287595            0            0            0            0
     4312.44      4.23107            0  -0.00291532            0            0            0            0
     4370.49      4.42263            0  -0.00295834            0            0            0            0
     4429.12      4.61611            0    -0.003005            0            0            0            0
     4488.34      4.81152            0  -0.00305528            0            0            0            0
     4548.15      5.00889            0  -0.00310912            0            0            0            0
     4608.56      5.20823            0  -0.00316646            0            0            0            0
     4669.57      5.40957            0  -0.00322717            0            0            0            0
     4731.19      5.61292            0  -0.00329114            0            0            0            0
     4793.42       5.8183            0   -0.0033582            0            0            0            0
     4856.28      6.02573            0  -0.00342817            0            0            0            0
     4919.77      6.23524            0  -0.00350082            0            0            0            0
     4983.89      6.44685            0  -0.00357592            0            0            0            0
     5048.66      6.66057            0  -0.00365319            0            0            0            0
     5114.07      6.87643            0  -0.00373231            0            0            0            0
     5180.13      7.09444            0  -0.00381295            0            0            0            0
     5246.86      7.31464            0  -0.00389474            0            0            0            0
     5314.25      7.53704            0  -0.00396293            0            0            0            0
     5382.32      7.76166            0  -0.00397735            0            0            0            0
     5451.07      7.98853            0  -0.00399153            0            0            0            0
     5520.51      8.21767            0  -0.00400546            0            0            0            0
     5590.64       8.4491            0  -0.00401914            0            0            0            0
     5661.47      8.68284            0  -0.00403257            0            0            0            0
     5733.01      8.91892            0  -0.00404576            0            0            0            0
     5805.26      9.15736            0   -0.0040587            0            0            0            0
     5878.24      9.39819            0  -0.00407139            0            0            0            0
     5951.95      9.64142            0  -0.00408385            0            0            0            0
     6026.39      9.88709            0  -0.00409606            0            0            0            0
     6101.58      10.1352            0  -0.00410802            0            0            0            0
     6177.52      10.3858            0  -0.00411975            0            0            0            0
     6254.22      10.6389            0  -0.00413124            0            0            0            0
     6331.69      10.8946            0  -0.00414249            0            0            0            0
     6409.93      11.1528            0  -0.00415351            0            0            0            0
     6488.95      11.4136            0  -0.00416429            0            0            0            0
     6568.77      11.6769            0  -0.00417484            0            0            0            0
     6649.38       11.943            0  -0.00418516            0            0            0            0
      6730.8      12.2116            0  -0.00419524            0            0            0            0
     6813.03       12.483            0  -0.00420511            0            0            0            0
     6896.09      12.7571            0  -0.00421474            0            0            0            0
     6979.98      13.0339            0  -0.00422415            0            0            0            0
