# 
#     height         th_l          q_t            u            v          TKE
         7.5       296.25        0.015     -14.9835            0     0.998125
        22.5       296.25        0.015     -14.9505            0     0.994375
       37.65       296.25        0.015     -14.9172            0     0.990588
     52.9515       296.25        0.015     -14.8835            0     0.986762
      68.406       296.25        0.015     -14.8495            0     0.982898
     84.0151       296.25        0.015     -14.8152            0     0.978996
     99.7802       296.25        0.015     -14.7805            0     0.975055
     115.703       296.25        0.015     -14.7455            0     0.971074
     131.785       296.25        0.015     -14.7101            0     0.967054
     148.028       296.25        0.015     -14.6743            0     0.962993
     164.433       296.25        0.015     -14.6382            0     0.958892
     181.003       296.25        0.015     -14.6018            0     0.954749
     197.738       296.25        0.015      -14.565            0     0.950566
      214.64       296.25        0.015     -14.5278            0      0.94634
     231.711       296.25        0.015     -14.4902            0     0.942072
     248.953       296.25        0.015     -14.4523            0     0.937762
     266.368       296.25        0.015      -14.414            0     0.933408
     283.957       296.25        0.015     -14.3753            0     0.929011
     301.721       296.25        0.015     -14.3362            0      0.92457
     319.663       296.25        0.015     -14.2967            0     0.920084
     337.785       296.25        0.015     -14.2569            0     0.915554
     356.088       296.25        0.015     -14.2166            0     0.910978
     374.574       296.25        0.015     -14.1759            0     0.906357
     393.245       296.25        0.015     -14.1349            0     0.901689
     412.102       296.25        0.015     -14.0934            0     0.896975
     431.148       296.25        0.015     -14.0515            0     0.892213
     450.384       296.25        0.015     -14.0092            0     0.887404
     469.813       296.25        0.015     -13.9664            0     0.882547
     489.436       296.25        0.015     -13.9232            0     0.877641
     509.256      296.292    0.0148847     -13.8796            0     0.872686
     529.273      296.382    0.0146385     -13.8356            0     0.867682
     549.491      296.473    0.0143939     -13.7911            0     0.862627
     569.911      296.565    0.0141511     -13.7462            0     0.857522
     590.535      296.657    0.0139099     -13.7008            0     0.852366
     611.365      296.751    0.0136706      -13.655            0     0.847159
     632.404      296.846     0.013433     -13.6087            0     0.841899
     653.653      296.941    0.0131972      -13.562            0     0.836587
     675.115      297.038    0.0129633     -13.5147            0     0.831221
     696.791      297.136    0.0127312     -13.4671            0     0.825802
     718.684      297.234    0.0125011     -13.4189            0     0.820329
     740.796      297.334    0.0122728     -13.3702            0     0.814801
     763.129      297.434    0.0120465     -13.3211            0     0.809218
     785.685      297.536    0.0118222     -13.2715            0     0.803579
     808.467      297.638    0.0115999     -13.2214            0     0.797883
     831.476      297.742    0.0113796     -13.1708            0     0.792131
     854.716      297.846    0.0111613     -13.1196            0     0.786321
     878.188      297.952    0.0109451      -13.068            0     0.780453
     901.895      298.059     0.010731     -13.0158            0     0.774526
     925.839      298.166     0.010519     -12.9632            0      0.76854
     950.023      298.275    0.0103091       -12.91            0     0.762494
     974.448      298.385    0.0101014     -12.8562            0     0.756388
     999.117      298.496   0.00989589     -12.8019            0     0.750221
     1024.03      298.608   0.00969253     -12.7471            0     0.743992
      1049.2      298.721   0.00949139     -12.6918            0       0.7377
     1074.62      298.836   0.00929246     -12.6358            0     0.731346
     1100.29      298.951   0.00909579     -12.5794            0     0.724928
     1126.21      299.068   0.00890136     -12.5223            0     0.718446
      1152.4      299.186   0.00870922     -12.4647            0       0.7119
     1178.85      299.305   0.00851936     -12.4065            0     0.705287
     1205.56      299.425    0.0083318     -12.3478            0     0.698609
     1232.55      299.546   0.00814656     -12.2884            0     0.691864
      1259.8      299.669   0.00796365     -12.2284            0     0.685051
     1287.32      299.793   0.00778307     -12.1679            0      0.67817
     1315.12      299.918   0.00760485     -12.1067            0     0.671221
     1343.19      300.044   0.00742899      -12.045            0     0.664202
     1371.55      300.172   0.00725549     -11.9826            0     0.657113
     1400.19      300.301   0.00708438     -11.9196            0     0.649952
     1429.12      300.431   0.00691564     -11.8559            0     0.642721
     1458.33      300.562    0.0067493     -11.7917            0     0.635417
     1487.84      300.695   0.00658536     -11.7267            0      0.62804
     1517.65      300.829   0.00642382     -11.6612            0     0.620589
     1547.75      300.965   0.00626468      -11.595            0     0.613063
     1578.15      301.102   0.00610796     -11.5281            0     0.605463
     1608.86       301.24   0.00595365     -11.4605            0     0.597786
     1639.87      301.379   0.00580175     -11.3923            0     0.590033
     1671.19       301.52   0.00565226     -11.3234            0     0.582202
     1702.83      301.663   0.00550519     -11.2538            0     0.574293
     1734.78      301.807   0.00536054     -11.1835            0     0.566304
     1767.06      301.952   0.00521829     -11.1125            0     0.558236
     1799.65      302.098   0.00507846     -11.0408            0     0.550087
     1832.57      302.247   0.00494103     -10.9683            0     0.541857
     1865.82      302.396   0.00480599     -10.8952            0     0.533544
     1899.41      302.547   0.00467336     -10.8213            0     0.525148
     1933.33        302.7   0.00454311     -10.7467            0     0.516669
     1967.58      302.854   0.00441525     -10.6713            0     0.508104
     2002.18       303.01   0.00428975     -10.5952            0     0.499454
     2037.13      303.167   0.00416663     -10.5183            0     0.490717
     2072.43      303.326   0.00404586     -10.4407            0     0.481893
     2108.08      303.486   0.00392743     -10.3622            0     0.472981
     2144.08      303.648   0.00381134      -10.283            0     0.463979
     2180.45      303.812   0.00369757      -10.203            0     0.454888
     2217.18      303.977   0.00358611     -10.1222            0     0.445705
     2254.28      304.144   0.00347695     -10.0406            0     0.436431
     2291.74      304.313   0.00337006     -9.95817            0     0.427064
     2329.59      304.483   0.00326544     -9.87491            0     0.417604
     2367.81      304.655   0.00316308     -9.79083            0     0.408048
     2406.41      304.829   0.00306294      -9.7059            0     0.398398
      2445.4      305.004   0.00296502     -9.62012            0      0.38865
     2484.78      305.181    0.0028693     -9.53349            0     0.378806
     2524.55       305.36   0.00277576     -9.44599            0     0.368862
     2564.72      305.541   0.00268438     -9.35761            0      0.35882
     2605.29      305.724   0.00259514     -9.26836            0     0.348677
     2646.27      305.908   0.00250801      -9.1782            0     0.338432
     2687.66      306.094   0.00242299     -9.08715            0     0.328085
     2729.46      306.283   0.00234004     -8.99519            0     0.317635
     2771.68      306.473   0.00225914      -8.9023            0      0.30708
     2814.32      306.664   0.00218027     -8.80849            0      0.29642
     2857.39      306.858   0.00210341     -8.71374            0     0.285653
     2900.89      307.054   0.00202853     -8.61804            0     0.274778
     2944.82      307.252    0.0019556     -8.52139            0     0.263794
      2989.2      307.451   0.00188461     -8.42377            0     0.252701
     3034.01      307.653   0.00181552     -8.32517            0     0.241497
     3079.28      307.857   0.00174831     -8.22559            0     0.230181
        3125      308.062   0.00168296     -8.12501            0     0.218751
     3171.17       308.27   0.00161943     -8.02342            0     0.207207
     3217.81       308.48    0.0015577     -7.92082            0     0.195548
     3264.91      308.692   0.00149774      -7.8172            0     0.183772
     3312.48      308.906   0.00143952     -7.71253            0     0.171879
     3360.53      309.122   0.00138302     -7.60682            0     0.159866
     3409.06      309.341   0.00132821     -7.50006            0     0.147734
     3458.08      309.561   0.00127505     -7.39222            0      0.13548
     3507.59      309.784   0.00122352     -7.28331            0     0.123103
     3557.59      310.009   0.00117358     -7.17331            0     0.110603
     3608.09      310.236   0.00112522     -7.06221            0     0.097978
     3659.09      310.466   0.00107839     -6.94999            0    0.0852266
     3710.61      310.698   0.00103308     -6.83666            0    0.0723476
     3762.64      310.932  0.000989241     -6.72219            0    0.0593398
     3815.19      311.168  0.000946854     -6.60658            0     0.046202
     3868.27      311.407  0.000905887     -6.48981            0    0.0329327
     3921.88      311.648  0.000866309     -6.37187            0    0.0195308
     3976.02      311.892   0.00082809     -6.25275            0   0.00599487
     4030.71      312.138    0.0007912     -6.13245            0        1e-08
     4085.94      312.387  0.000755609     -6.01094            0        1e-08
     4141.72      312.638  0.000721287     -5.88821            0        1e-08
     4198.06      312.891  0.000688204     -5.76426            0        1e-08
     4254.97      313.147   0.00065633     -5.63907            0        1e-08
     4312.44      313.406  0.000625636     -5.51262            0        1e-08
     4370.49      313.667  0.000596091     -5.38491            0        1e-08
     4429.12      313.931  0.000567667     -5.25593            0        1e-08
     4488.34      314.198  0.000540335     -5.12565            0        1e-08
     4548.15      314.467  0.000514064     -4.99407            0        1e-08
     4608.56      314.738  0.000488827     -4.86118            0        1e-08
     4669.57      315.013  0.000464596     -4.72696            0        1e-08
     4731.19       315.29  0.000441341     -4.59139            0        1e-08
     4793.42       315.57  0.000419034     -4.45447            0        1e-08
     4856.28      315.853  0.000397649     -4.31618            0        1e-08
     4919.77      316.139  0.000377158     -4.17651            0        1e-08
     4983.89      316.428  0.000357533     -4.03544            0        1e-08
     5048.66      316.719  0.000338748     -3.89295            0        1e-08
     5114.07      317.013  0.000320778     -3.74905            0        1e-08
     5180.13      317.311  0.000303595      -3.6037            0        1e-08
     5246.86      317.611  0.000287174     -3.45691            0        1e-08
     5314.25      317.914   0.00027149     -3.30864            0        1e-08
     5382.32       318.22  0.000256519     -3.15889            0        1e-08
     5451.07       318.53  0.000242236     -3.00765            0        1e-08
     5520.51      318.842  0.000228618     -2.85489            0        1e-08
     5590.64      319.158   0.00021564      -2.7006            0        1e-08
     5661.47      319.477   0.00020328     -2.54477            0        1e-08
     5733.01      319.799  0.000191515     -2.38738            0        1e-08
     5805.26      320.124  0.000180324     -2.22842            0        1e-08
     5878.24      320.452  0.000169684     -2.06787            0        1e-08
     5951.95      320.784  0.000159575     -1.90572            0        1e-08
     6026.39      321.119  0.000149977     -1.74194            0        1e-08
     6101.58      321.457  0.000140868     -1.57652            0        1e-08
     6177.52      321.799  0.000132229     -1.40945            0        1e-08
     6254.22      322.144  0.000124042     -1.24071            0        1e-08
     6331.69      322.493  0.000116287     -1.07029            0        1e-08
     6409.93      322.845  0.000108947    -0.898153            0        1e-08
     6488.95        323.2  0.000102004      -0.7243            0        1e-08
     6568.77      323.559    9.544e-05    -0.548708            0        1e-08
     6649.38      323.922  8.92392e-05     -0.37136            0        1e-08
      6730.8      324.289  8.33853e-05    -0.192238            0        1e-08
     6813.03      324.659  7.78625e-05   -0.0113257            0        1e-08
     6896.09      325.032  7.26557e-05     0.171396            0        1e-08
     6979.98       325.41  6.77501e-05     0.355945            0        1e-08
